keychild register speakers largetotalperchildreg sumperSpeakerChild average.1 average.2 session total.x largetotalperchildkey total.y nb_utt percentage percentageperSpeakerRegisterChild
Hlobohang ADS adult   61 4561  1.13  1.11 Hlobohang-020100ab.cha 428 11221 428   3   0.7009346  0.543623563
Hlobohang ADS adult   61 4561  1.13  1.11 Hlobohang-020200ab.cha 998 11221 998   1   0.1002004  0.543623563
Hlobohang ADS adult   61 4561  1.13  1.11 Hlobohang-020500cd.cha 970 11221 970   6   0.6185567  0.543623563
Hlobohang ADS adult   61 4561  1.13  1.11 Hlobohang-020700ab.cha 366 11221 366   6   1.6393443  0.543623563
Hlobohang ADS adult   61 4561  1.13  1.11 Hlobohang-020500ab.cha 627 11221 627   3   0.4784689  0.543623563
Hlobohang ADS adult   61 4561  1.13  1.11 Hlobohang-020100ef.cha 461 11221 461  19   4.1214751  0.543623563
Hlobohang ADS adult   61 4561  1.13  1.11 Hlobohang-020600ab.cha 444 11221 444   3   0.6756757  0.543623563
Hlobohang ADS adult   61 4561  1.13  1.11 Hlobohang-020400cd.cha 738 11221 738   6   0.8130081  0.543623563
Hlobohang ADS adult   61 4561  1.13  1.11 Hlobohang-020100cd.cha 569 11221 569   5   0.8787346  0.543623563
Hlobohang ADS adult   61 4561  1.13  1.11 Hlobohang-030000ab.cha 277 11221 277   5   1.8050542  0.543623563
Hlobohang ADS adult   61 4561  1.13  1.11 Hlobohang-020700cd.cha 632 11221 632   4   0.6329114  0.543623563
Hlobohang ADS child  289 4979  2.84  1.97 Hlobohang-020500ab.cha 627 11221 627  15   2.3923445  2.575528028
Hlobohang ADS child  289 4979  2.84  1.97 Hlobohang-020200cd.cha 857 11221 857  42   4.9008168  2.575528028
Hlobohang ADS child  289 4979  2.84  1.97 Hlobohang-020100ef.cha 461 11221 461  33   7.1583514  2.575528028
Hlobohang ADS child  289 4979  2.84  1.97 Hlobohang-020900cd.cha 359 11221 359  22   6.1281337  2.575528028
Hlobohang ADS child  289 4979  2.84  1.97 Hlobohang-020700cd.cha 632 11221 632  21   3.3227848  2.575528028
Hlobohang ADS child  289 4979  2.84  1.97 Hlobohang-030000cd.cha 286 11221 286   7   2.4475524  2.575528028
Hlobohang ADS child  289 4979  2.84  1.97 Hlobohang-020500cd.cha 970 11221 970  14   1.4432990  2.575528028
Hlobohang ADS child  289 4979  2.84  1.97 Hlobohang-020800ef.cha 320 11221 320   4   1.2500000  2.575528028
Hlobohang ADS child  289 4979  2.84  1.97 Hlobohang-020800ab.cha 328 11221 328   5   1.5243902  2.575528028
Hlobohang ADS child  289 4979  2.84  1.97 Hlobohang-020600cd.cha 393 11221 393  13   3.3078880  2.575528028
Hlobohang ADS child  289 4979  2.84  1.97 Hlobohang-020900ab.cha 205 11221 205   2   0.9756098  2.575528028
Hlobohang ADS child  289 4979  2.84  1.97 Hlobohang-020200ab.cha 998 11221 998  15   1.5030060  2.575528028
Hlobohang ADS child  289 4979  2.84  1.97 Hlobohang-021100cd.cha 550 11221 550   8   1.4545455  2.575528028
Hlobohang ADS child  289 4979  2.84  1.97 Hlobohang-020400cd.cha 738 11221 738  14   1.8970190  2.575528028
Hlobohang ADS child  289 4979  2.84  1.97 Hlobohang-020700ab.cha 366 11221 366  20   5.4644809  2.575528028
Hlobohang ADS child  289 4979  2.84  1.97 Hlobohang-020800cd.cha 371 11221 371  20   5.3908356  2.575528028
Hlobohang ADS child  289 4979  2.84  1.97 Hlobohang-020400ab.cha 741 11221 741  15   2.0242915  2.575528028
Hlobohang ADS child  289 4979  2.84  1.97 Hlobohang-020600ab.cha 444 11221 444   3   0.6756757  2.575528028
Hlobohang ADS child  289 4979  2.84  1.97 Hlobohang-020100ab.cha 428 11221 428  14   3.2710280  2.575528028
Hlobohang ADS child  289 4979  2.84  1.97 Hlobohang-020100cd.cha 569 11221 569   2   0.3514938  2.575528028
Hlobohang ADS mother   24 1681  0.41  0.33 Hlobohang-020600ab.cha 444 11221 444   1   0.2252252  0.213884681
Hlobohang ADS mother   24 1681  0.41  0.33 Hlobohang-020200ab.cha 998 11221 998   4   0.4008016  0.213884681
Hlobohang ADS mother   24 1681  0.41  0.33 Hlobohang-020100ab.cha 428 11221 428   2   0.4672897  0.213884681
Hlobohang ADS mother   24 1681  0.41  0.33 Hlobohang-020100cd.cha 569 11221 569   1   0.1757469  0.213884681
Hlobohang ADS mother   24 1681  0.41  0.33 Hlobohang-021100cd.cha 550 11221 550   1   0.1818182  0.213884681
Hlobohang ADS mother   24 1681  0.41  0.33 Hlobohang-020700ab.cha 366 11221 366   2   0.5464481  0.213884681
Hlobohang ADS mother   24 1681  0.41  0.33 Hlobohang-020400cd.cha 738 11221 738   3   0.4065041  0.213884681
Hlobohang ADS mother   24 1681  0.41  0.33 Hlobohang-021100ab.cha 232 11221 232   1   0.4310345  0.213884681
Hlobohang ADS mother   24 1681  0.41  0.33 Hlobohang-020500cd.cha 970 11221 970   2   0.2061856  0.213884681
Hlobohang ADS mother   24 1681  0.41  0.33 Hlobohang-020500ab.cha 627 11221 627   1   0.1594896  0.213884681
Hlobohang ADS mother   24 1681  0.41  0.33 Hlobohang-020100ef.cha 461 11221 461   6   1.3015184  0.213884681
Hlobohang CDS adult 4161 4561 34.53 22.34 Hlobohang-020800cd.cha 371 11221 371 139  37.4663073 37.082256483
Hlobohang CDS adult 4161 4561 34.53 22.34 Hlobohang-020400ab.cha 741 11221 741 115  15.5195682 37.082256483
Hlobohang CDS adult 4161 4561 34.53 22.34 Hlobohang-020500cd.cha 970 11221 970 700  72.1649485 37.082256483
Hlobohang CDS adult 4161 4561 34.53 22.34 Hlobohang-030000ab.cha 277 11221 277 209  75.4512635 37.082256483
Hlobohang CDS adult 4161 4561 34.53 22.34 Hlobohang-020200cd.cha 857 11221 857 315  36.7561260 37.082256483
Hlobohang CDS adult 4161 4561 34.53 22.34 Hlobohang-020100ab.cha 428 11221 428 184  42.9906542 37.082256483
Hlobohang CDS adult 4161 4561 34.53 22.34 Hlobohang-020100ef.cha 461 11221 461  87  18.8720174 37.082256483
Hlobohang CDS adult 4161 4561 34.53 22.34 Hlobohang-021100cd.cha 550 11221 550 175  31.8181818 37.082256483
Hlobohang CDS adult 4161 4561 34.53 22.34 Hlobohang-020600cd.cha 393 11221 393  47  11.9592875 37.082256483
Hlobohang CDS adult 4161 4561 34.53 22.34 Hlobohang-020500ab.cha 627 11221 627  53   8.4529506 37.082256483
Hlobohang CDS adult 4161 4561 34.53 22.34 Hlobohang-020100cd.cha 569 11221 569 323  56.7662566 37.082256483
Hlobohang CDS adult 4161 4561 34.53 22.34 Hlobohang-020900cd.cha 359 11221 359 109  30.3621170 37.082256483
Hlobohang CDS adult 4161 4561 34.53 22.34 Hlobohang-020900ab.cha 205 11221 205  51  24.8780488 37.082256483
Hlobohang CDS adult 4161 4561 34.53 22.34 Hlobohang-030000cd.cha 286 11221 286 146  51.0489510 37.082256483
Hlobohang CDS adult 4161 4561 34.53 22.34 Hlobohang-020400cd.cha 738 11221 738 396  53.6585366 37.082256483
Hlobohang CDS adult 4161 4561 34.53 22.34 Hlobohang-020200ab.cha 998 11221 998 610  61.1222445 37.082256483
Hlobohang CDS adult 4161 4561 34.53 22.34 Hlobohang-020600ab.cha 444 11221 444  66  14.8648649 37.082256483
Hlobohang CDS adult 4161 4561 34.53 22.34 Hlobohang-020700ab.cha 366 11221 366  92  25.1366120 37.082256483
Hlobohang CDS adult 4161 4561 34.53 22.34 Hlobohang-020800ab.cha 328 11221 328   1   0.3048780 37.082256483
Hlobohang CDS adult 4161 4561 34.53 22.34 Hlobohang-021100ab.cha 232 11221 232   5   2.1551724 37.082256483
Hlobohang CDS adult 4161 4561 34.53 22.34 Hlobohang-020700cd.cha 632 11221 632 338  53.4810127 37.082256483
Hlobohang CDS child 4377 4979 41.89 24.54 Hlobohang-020100cd.cha 569 11221 569 148  26.0105448 39.007218608
Hlobohang CDS child 4377 4979 41.89 24.54 Hlobohang-030000ab.cha 277 11221 277  25   9.0252708 39.007218608
Hlobohang CDS child 4377 4979 41.89 24.54 Hlobohang-020900e.cha  69 11221  69  55  79.7101449 39.007218608
Hlobohang CDS child 4377 4979 41.89 24.54 Hlobohang-020200cd.cha 857 11221 857 449  52.3920653 39.007218608
Hlobohang CDS child 4377 4979 41.89 24.54 Hlobohang-020800ab.cha 328 11221 328 289  88.1097561 39.007218608
Hlobohang CDS child 4377 4979 41.89 24.54 Hlobohang-020400ab.cha 741 11221 741 492  66.3967611 39.007218608
Hlobohang CDS child 4377 4979 41.89 24.54 Hlobohang-020700cd.cha 632 11221 632 196  31.0126582 39.007218608
Hlobohang CDS child 4377 4979 41.89 24.54 Hlobohang-020800ef.cha 320 11221 320   3   0.9375000 39.007218608
Hlobohang CDS child 4377 4979 41.89 24.54 Hlobohang-020900ab.cha 205 11221 205 152  74.1463415 39.007218608
Hlobohang CDS child 4377 4979 41.89 24.54 Hlobohang-020600cd.cha 393 11221 393 257  65.3944020 39.007218608
Hlobohang CDS child 4377 4979 41.89 24.54 Hlobohang-030000cd.cha 286 11221 286 104  36.3636364 39.007218608
Hlobohang CDS child 4377 4979 41.89 24.54 Hlobohang-020200ab.cha 998 11221 998 269  26.9539078 39.007218608
Hlobohang CDS child 4377 4979 41.89 24.54 Hlobohang-020400cd.cha 738 11221 738 239  32.3848238 39.007218608
Hlobohang CDS child 4377 4979 41.89 24.54 Hlobohang-020600ab.cha 444 11221 444 172  38.7387387 39.007218608
Hlobohang CDS child 4377 4979 41.89 24.54 Hlobohang-020900cd.cha 359 11221 359 206  57.3816156 39.007218608
Hlobohang CDS child 4377 4979 41.89 24.54 Hlobohang-020800cd.cha 371 11221 371  71  19.1374663 39.007218608
Hlobohang CDS child 4377 4979 41.89 24.54 Hlobohang-020100ab.cha 428 11221 428  28   6.5420561 39.007218608
Hlobohang CDS child 4377 4979 41.89 24.54 Hlobohang-020100ef.cha 461 11221 461 104  22.5596529 39.007218608
Hlobohang CDS child 4377 4979 41.89 24.54 Hlobohang-021100cd.cha 550 11221 550 251  45.6363636 39.007218608
Hlobohang CDS child 4377 4979 41.89 24.54 Hlobohang-021100ab.cha 232 11221 232 124  53.4482759 39.007218608
Hlobohang CDS child 4377 4979 41.89 24.54 Hlobohang-020500ab.cha 627 11221 627 413  65.8692185 39.007218608
Hlobohang CDS child 4377 4979 41.89 24.54 Hlobohang-020500cd.cha 970 11221 970 146  15.0515464 39.007218608
Hlobohang CDS child 4377 4979 41.89 24.54 Hlobohang-020700ab.cha 366 11221 366 184  50.2732240 39.007218608
Hlobohang CDS mother 1542 1681 19.69 22.59 Hlobohang-020500cd.cha 970 11221 970  58   5.9793814 13.742090723
Hlobohang CDS mother 1542 1681 19.69 22.59 Hlobohang-020100ef.cha 461 11221 461 125  27.1149675 13.742090723
Hlobohang CDS mother 1542 1681 19.69 22.59 Hlobohang-020600cd.cha 393 11221 393  36   9.1603053 13.742090723
Hlobohang CDS mother 1542 1681 19.69 22.59 Hlobohang-030000cd.cha 286 11221 286  19   6.6433566 13.742090723
Hlobohang CDS mother 1542 1681 19.69 22.59 Hlobohang-020800ab.cha 328 11221 328   9   2.7439024 13.742090723
Hlobohang CDS mother 1542 1681 19.69 22.59 Hlobohang-020700cd.cha 632 11221 632  42   6.6455696 13.742090723
Hlobohang CDS mother 1542 1681 19.69 22.59 Hlobohang-020100cd.cha 569 11221 569  53   9.3145870 13.742090723
Hlobohang CDS mother 1542 1681 19.69 22.59 Hlobohang-020800ef.cha 320 11221 320 306  95.6250000 13.742090723
Hlobohang CDS mother 1542 1681 19.69 22.59 Hlobohang-020500ab.cha 627 11221 627  37   5.9011164 13.742090723
Hlobohang CDS mother 1542 1681 19.69 22.59 Hlobohang-020800cd.cha 371 11221 371 135  36.3881402 13.742090723
Hlobohang CDS mother 1542 1681 19.69 22.59 Hlobohang-030000ab.cha 277 11221 277  37  13.3574007 13.742090723
Hlobohang CDS mother 1542 1681 19.69 22.59 Hlobohang-020700ab.cha 366 11221 366  29   7.9234973 13.742090723
Hlobohang CDS mother 1542 1681 19.69 22.59 Hlobohang-020400ab.cha 741 11221 741  49   6.6126856 13.742090723
Hlobohang CDS mother 1542 1681 19.69 22.59 Hlobohang-020400cd.cha 738 11221 738  12   1.6260163 13.742090723
Hlobohang CDS mother 1542 1681 19.69 22.59 Hlobohang-020100ab.cha 428 11221 428 175  40.8878505 13.742090723
Hlobohang CDS mother 1542 1681 19.69 22.59 Hlobohang-021100cd.cha 550 11221 550  92  16.7272727 13.742090723
Hlobohang CDS mother 1542 1681 19.69 22.59 Hlobohang-020200ab.cha 998 11221 998  78   7.8156313 13.742090723
Hlobohang CDS mother 1542 1681 19.69 22.59 Hlobohang-021100ab.cha 232 11221 232  84  36.2068966 13.742090723
Hlobohang CDS mother 1542 1681 19.69 22.59 Hlobohang-020600ab.cha 444 11221 444 166  37.3873874 13.742090723
Hlobohang OCDS adult  338 4561  3.41  2.47 Hlobohang-020700cd.cha 632 11221 632  23   3.6392405  3.012209251
Hlobohang OCDS adult  338 4561  3.41  2.47 Hlobohang-020500ab.cha 627 11221 627  10   1.5948963  3.012209251
Hlobohang OCDS adult  338 4561  3.41  2.47 Hlobohang-020500cd.cha 970 11221 970  34   3.5051546  3.012209251
Hlobohang OCDS adult  338 4561  3.41  2.47 Hlobohang-020600ab.cha 444 11221 444   5   1.1261261  3.012209251
Hlobohang OCDS adult  338 4561  3.41  2.47 Hlobohang-020600cd.cha 393 11221 393   3   0.7633588  3.012209251
Hlobohang OCDS adult  338 4561  3.41  2.47 Hlobohang-020900cd.cha 359 11221 359  22   6.1281337  3.012209251
Hlobohang OCDS adult  338 4561  3.41  2.47 Hlobohang-020200ab.cha 998 11221 998  17   1.7034068  3.012209251
Hlobohang OCDS adult  338 4561  3.41  2.47 Hlobohang-020100ab.cha 428 11221 428  15   3.5046729  3.012209251
Hlobohang OCDS adult  338 4561  3.41  2.47 Hlobohang-020700ab.cha 366 11221 366  24   6.5573770  3.012209251
Hlobohang OCDS adult  338 4561  3.41  2.47 Hlobohang-030000cd.cha 286 11221 286   6   2.0979021  3.012209251
Hlobohang OCDS adult  338 4561  3.41  2.47 Hlobohang-020100ef.cha 461 11221 461  50  10.8459870  3.012209251
Hlobohang OCDS adult  338 4561  3.41  2.47 Hlobohang-020400cd.cha 738 11221 738  29   3.9295393  3.012209251
Hlobohang OCDS adult  338 4561  3.41  2.47 Hlobohang-020400ab.cha 741 11221 741  20   2.6990553  3.012209251
Hlobohang OCDS adult  338 4561  3.41  2.47 Hlobohang-020800cd.cha 371 11221 371   4   1.0781671  3.012209251
Hlobohang OCDS adult  338 4561  3.41  2.47 Hlobohang-021100ab.cha 232 11221 232   3   1.2931034  3.012209251
Hlobohang OCDS adult  338 4561  3.41  2.47 Hlobohang-020100cd.cha 569 11221 569  20   3.5149385  3.012209251
Hlobohang OCDS adult  338 4561  3.41  2.47 Hlobohang-020200cd.cha 857 11221 857  33   3.8506418  3.012209251
Hlobohang OCDS adult  338 4561  3.41  2.47 Hlobohang-021100cd.cha 550 11221 550  20   3.6363636  3.012209251
Hlobohang OCDS child  311 4979  5.04  5.33 Hlobohang-020100ab.cha 428 11221 428   6   1.4018692  2.771588985
Hlobohang OCDS child  311 4979  5.04  5.33 Hlobohang-021100ab.cha 232 11221 232   9   3.8793103  2.771588985
Hlobohang OCDS child  311 4979  5.04  5.33 Hlobohang-020600cd.cha 393 11221 393  19   4.8346056  2.771588985
Hlobohang OCDS child  311 4979  5.04  5.33 Hlobohang-020500cd.cha 970 11221 970   6   0.6185567  2.771588985
Hlobohang OCDS child  311 4979  5.04  5.33 Hlobohang-020100ef.cha 461 11221 461  17   3.6876356  2.771588985
Hlobohang OCDS child  311 4979  5.04  5.33 Hlobohang-020400cd.cha 738 11221 738  38   5.1490515  2.771588985
Hlobohang OCDS child  311 4979  5.04  5.33 Hlobohang-020800ab.cha 328 11221 328  19   5.7926829  2.771588985
Hlobohang OCDS child  311 4979  5.04  5.33 Hlobohang-020100cd.cha 569 11221 569  13   2.2847100  2.771588985
Hlobohang OCDS child  311 4979  5.04  5.33 Hlobohang-030000cd.cha 286 11221 286   4   1.3986014  2.771588985
Hlobohang OCDS child  311 4979  5.04  5.33 Hlobohang-020500ab.cha 627 11221 627  88  14.0350877  2.771588985
Hlobohang OCDS child  311 4979  5.04  5.33 Hlobohang-020900e.cha  69 11221  69  14  20.2898551  2.771588985
Hlobohang OCDS child  311 4979  5.04  5.33 Hlobohang-020200cd.cha 857 11221 857  18   2.1003501  2.771588985
Hlobohang OCDS child  311 4979  5.04  5.33 Hlobohang-020700ab.cha 366 11221 366   4   1.0928962  2.771588985
Hlobohang OCDS child  311 4979  5.04  5.33 Hlobohang-020400ab.cha 741 11221 741  40   5.3981107  2.771588985
Hlobohang OCDS child  311 4979  5.04  5.33 Hlobohang-020600ab.cha 444 11221 444  16   3.6036036  2.771588985
Hlobohang OCDS mother  115 1681  1.43  1.35 Hlobohang-020600ab.cha 444 11221 444  12   2.7027027  1.024864094
Hlobohang OCDS mother  115 1681  1.43  1.35 Hlobohang-020500cd.cha 970 11221 970   4   0.4123711  1.024864094
Hlobohang OCDS mother  115 1681  1.43  1.35 Hlobohang-020700ab.cha 366 11221 366   3   0.8196721  1.024864094
Hlobohang OCDS mother  115 1681  1.43  1.35 Hlobohang-020400ab.cha 741 11221 741  10   1.3495277  1.024864094
Hlobohang OCDS mother  115 1681  1.43  1.35 Hlobohang-020100ef.cha 461 11221 461  20   4.3383948  1.024864094
Hlobohang OCDS mother  115 1681  1.43  1.35 Hlobohang-020800ef.cha 320 11221 320   7   2.1875000  1.024864094
Hlobohang OCDS mother  115 1681  1.43  1.35 Hlobohang-020200ab.cha 998 11221 998   3   0.3006012  1.024864094
Hlobohang OCDS mother  115 1681  1.43  1.35 Hlobohang-030000ab.cha 277 11221 277   1   0.3610108  1.024864094
Hlobohang OCDS mother  115 1681  1.43  1.35 Hlobohang-020400cd.cha 738 11221 738   1   0.1355014  1.024864094
Hlobohang OCDS mother  115 1681  1.43  1.35 Hlobohang-020100ab.cha 428 11221 428   1   0.2336449  1.024864094
Hlobohang OCDS mother  115 1681  1.43  1.35 Hlobohang-020700cd.cha 632 11221 632   8   1.2658228  1.024864094
Hlobohang OCDS mother  115 1681  1.43  1.35 Hlobohang-020800ab.cha 328 11221 328   5   1.5243902  1.024864094
Hlobohang OCDS mother  115 1681  1.43  1.35 Hlobohang-020600cd.cha 393 11221 393  18   4.5801527  1.024864094
Hlobohang OCDS mother  115 1681  1.43  1.35 Hlobohang-021100cd.cha 550 11221 550   3   0.5454545  1.024864094
Hlobohang OCDS mother  115 1681  1.43  1.35 Hlobohang-020100cd.cha 569 11221 569   4   0.7029877  1.024864094
Hlobohang OCDS mother  115 1681  1.43  1.35 Hlobohang-021100ab.cha 232 11221 232   6   2.5862069  1.024864094
Hlobohang OCDS mother  115 1681  1.43  1.35 Hlobohang-020500ab.cha 627 11221 627   7   1.1164274  1.024864094
Hlobohang OCDS mother  115 1681  1.43  1.35 Hlobohang-020800cd.cha 371 11221 371   2   0.5390836  1.024864094
Hlobohang unclassified adult    1 4561  0.10 NA Hlobohang-020200ab.cha 998 11221 998   1   0.1002004  0.008911862
Hlobohang unclassified child    2 4979  0.55 NA Hlobohang-020700ab.cha 366 11221 366   2   0.5464481  0.017823723
Litlhare ADS adult   44  340  1.29  1.85 Litlhare-020500ef.cha 310 12669 310   1   0.3225806  0.347304444
Litlhare ADS adult   44  340  1.29  1.85 Litlhare-020600ab.cha 645 12669 645   1   0.1550388  0.347304444
Litlhare ADS adult   44  340  1.29  1.85 Litlhare-020100ab.cha 912 12669 912  37   4.0570175  0.347304444
Litlhare ADS adult   44  340  1.29  1.85 Litlhare-030200ab.cha 788 12669 788   5   0.6345178  0.347304444
Litlhare ADS child  323 6836  2.90  2.05 Litlhare-020100cd.cha 732 12669 732  18   2.4590164  2.549530350
Litlhare ADS child  323 6836  2.90  2.05 Litlhare-020900ab.cha 618 12669 618  16   2.5889968  2.549530350
Litlhare ADS child  323 6836  2.90  2.05 Litlhare-030200ab.cha 788 12669 788  69   8.7563452  2.549530350
Litlhare ADS child  323 6836  2.90  2.05 Litlhare-020600cd.cha 589 12669 589  17   2.8862479  2.549530350
Litlhare ADS child  323 6836  2.90  2.05 Litlhare-020500ab.cha 500 12669 500   2   0.4000000  2.549530350
Litlhare ADS child  323 6836  2.90  2.05 Litlhare-020200cd.cha 407 12669 407   2   0.4914005  2.549530350
Litlhare ADS child  323 6836  2.90  2.05 Litlhare-020500cd.cha 479 12669 479  17   3.5490605  2.549530350
Litlhare ADS child  323 6836  2.90  2.05 Litlhare-020200ab.cha 662 12669 662  20   3.0211480  2.549530350
Litlhare ADS child  323 6836  2.90  2.05 Litlhare-020100ef.cha 767 12669 767  24   3.1290743  2.549530350
Litlhare ADS child  323 6836  2.90  2.05 Litlhare-020800ab.cha 410 12669 410   2   0.4878049  2.549530350
Litlhare ADS child  323 6836  2.90  2.05 Litlhare-030000cd.cha 667 12669 667  22   3.2983508  2.549530350
Litlhare ADS child  323 6836  2.90  2.05 Litlhare-020400ab.cha 899 12669 899  50   5.5617353  2.549530350
Litlhare ADS child  323 6836  2.90  2.05 Litlhare-020400cd.cha 505 12669 505  18   3.5643564  2.549530350
Litlhare ADS child  323 6836  2.90  2.05 Litlhare-030000ab.cha 434 12669 434   7   1.6129032  2.549530350
Litlhare ADS child  323 6836  2.90  2.05 Litlhare-020100ab.cha 912 12669 912  19   2.0833333  2.549530350
Litlhare ADS child  323 6836  2.90  2.05 Litlhare-030200cd.cha 804 12669 804  20   2.4875622  2.549530350
Litlhare ADS mother   49 5493  0.72  0.69 Litlhare-020400cd.cha 505 12669 505   1   0.1980198  0.386770858
Litlhare ADS mother   49 5493  0.72  0.69 Litlhare-030200ab.cha 788 12669 788   9   1.1421320  0.386770858
Litlhare ADS mother   49 5493  0.72  0.69 Litlhare-020100cd.cha 732 12669 732   3   0.4098361  0.386770858
Litlhare ADS mother   49 5493  0.72  0.69 Litlhare-030200cd.cha 804 12669 804   3   0.3731343  0.386770858
Litlhare ADS mother   49 5493  0.72  0.69 Litlhare-020600ab.cha 645 12669 645   4   0.6201550  0.386770858
Litlhare ADS mother   49 5493  0.72  0.69 Litlhare-020500ef.cha 310 12669 310   1   0.3225806  0.386770858
Litlhare ADS mother   49 5493  0.72  0.69 Litlhare-020600cd.cha 589 12669 589   2   0.3395586  0.386770858
Litlhare ADS mother   49 5493  0.72  0.69 Litlhare-020900ab.cha 618 12669 618   4   0.6472492  0.386770858
Litlhare ADS mother   49 5493  0.72  0.69 Litlhare-020100ab.cha 912 12669 912  22   2.4122807  0.386770858
Litlhare CDS adult  261  340  3.91  4.60 Litlhare-020400cd.cha 505 12669 505   4   0.7920792  2.060146815
Litlhare CDS adult  261  340  3.91  4.60 Litlhare-030200cd.cha 804 12669 804  11   1.3681592  2.060146815
Litlhare CDS adult  261  340  3.91  4.60 Litlhare-020600cd.cha 589 12669 589   1   0.1697793  2.060146815
Litlhare CDS adult  261  340  3.91  4.60 Litlhare-020600ab.cha 645 12669 645  27   4.1860465  2.060146815
Litlhare CDS adult  261  340  3.91  4.60 Litlhare-020500ef.cha 310 12669 310  52  16.7741935  2.060146815
Litlhare CDS adult  261  340  3.91  4.60 Litlhare-030000ab.cha 434 12669 434   6   1.3824885  2.060146815
Litlhare CDS adult  261  340  3.91  4.60 Litlhare-020500ab.cha 500 12669 500  27   5.4000000  2.060146815
Litlhare CDS adult  261  340  3.91  4.60 Litlhare-030200ab.cha 788 12669 788  10   1.2690355  2.060146815
Litlhare CDS adult  261  340  3.91  4.60 Litlhare-020500cd.cha 479 12669 479  43   8.9770355  2.060146815
Litlhare CDS adult  261  340  3.91  4.60 Litlhare-021000ab.cha 749 12669 749  11   1.4686248  2.060146815
Litlhare CDS adult  261  340  3.91  4.60 Litlhare-020100ab.cha 912 12669 912  40   4.3859649  2.060146815
Litlhare CDS adult  261  340  3.91  4.60 Litlhare-020800cd.cha 345 12669 345   2   0.5797101  2.060146815
Litlhare CDS adult  261  340  3.91  4.60 Litlhare-020200ab.cha 662 12669 662  27   4.0785498  2.060146815
Litlhare CDS child 6162 6836 49.77 30.15 Litlhare-020400ab.cha 899 12669 899 332  36.9299221 48.638408714
Litlhare CDS child 6162 6836 49.77 30.15 Litlhare-021000cd.cha 360 12669 360 322  89.4444444 48.638408714
Litlhare CDS child 6162 6836 49.77 30.15 Litlhare-030000cd.cha 667 12669 667 302  45.2773613 48.638408714
Litlhare CDS child 6162 6836 49.77 30.15 Litlhare-020400cd.cha 505 12669 505 299  59.2079208 48.638408714
Litlhare CDS child 6162 6836 49.77 30.15 Litlhare-020900cd.cha  61 12669  61  20  32.7868852 48.638408714
Litlhare CDS child 6162 6836 49.77 30.15 Litlhare-020100ab.cha 912 12669 912 443  48.5745614 48.638408714
Litlhare CDS child 6162 6836 49.77 30.15 Litlhare-020800ab.cha 410 12669 410 393  95.8536585 48.638408714
Litlhare CDS child 6162 6836 49.77 30.15 Litlhare-030200ab.cha 788 12669 788 263  33.3756345 48.638408714
Litlhare CDS child 6162 6836 49.77 30.15 Litlhare-020200cd.cha 407 12669 407  99  24.3243243 48.638408714
Litlhare CDS child 6162 6836 49.77 30.15 Litlhare-030000ab.cha 434 12669 434 144  33.1797235 48.638408714
Litlhare CDS child 6162 6836 49.77 30.15 Litlhare-021000ab.cha 749 12669 749 717  95.7276368 48.638408714
Litlhare CDS child 6162 6836 49.77 30.15 Litlhare-020500ab.cha 500 12669 500 445  89.0000000 48.638408714
Litlhare CDS child 6162 6836 49.77 30.15 Litlhare-020100ef.cha 767 12669 767 511  66.6232073 48.638408714
Litlhare CDS child 6162 6836 49.77 30.15 Litlhare-020800cd.cha 345 12669 345 342  99.1304348 48.638408714
Litlhare CDS child 6162 6836 49.77 30.15 Litlhare-020500ef.cha 310 12669 310   1   0.3225806 48.638408714
Litlhare CDS child 6162 6836 49.77 30.15 Litlhare-020900ab.cha 618 12669 618 326  52.7508091 48.638408714
Litlhare CDS child 6162 6836 49.77 30.15 Litlhare-020600cd.cha 589 12669 589 197  33.4465195 48.638408714
Litlhare CDS child 6162 6836 49.77 30.15 Litlhare-020500cd.cha 479 12669 479 333  69.5198330 48.638408714
Litlhare CDS child 6162 6836 49.77 30.15 Litlhare-020200ab.cha 662 12669 662 148  22.3564955 48.638408714
Litlhare CDS child 6162 6836 49.77 30.15 Litlhare-020600ab.cha 645 12669 645   2   0.3100775 48.638408714
Litlhare CDS child 6162 6836 49.77 30.15 Litlhare-020100cd.cha 732 12669 732 139  18.9890710 48.638408714
Litlhare CDS child 6162 6836 49.77 30.15 Litlhare-030200cd.cha 804 12669 804 384  47.7611940 48.638408714
Litlhare CDS mother 5099 5493 51.51 27.47 Litlhare-030000ab.cha 434 12669 434 250  57.6036866 40.247849080
Litlhare CDS mother 5099 5493 51.51 27.47 Litlhare-020900cd.cha  61 12669  61  40  65.5737705 40.247849080
Litlhare CDS mother 5099 5493 51.51 27.47 Litlhare-030000cd.cha 667 12669 667 291  43.6281859 40.247849080
Litlhare CDS mother 5099 5493 51.51 27.47 Litlhare-020600cd.cha 589 12669 589 332  56.3667233 40.247849080
Litlhare CDS mother 5099 5493 51.51 27.47 Litlhare-020400ab.cha 899 12669 899 451  50.1668521 40.247849080
Litlhare CDS mother 5099 5493 51.51 27.47 Litlhare-020400cd.cha 505 12669 505 140  27.7227723 40.247849080
Litlhare CDS mother 5099 5493 51.51 27.47 Litlhare-020600ab.cha 645 12669 645 610  94.5736434 40.247849080
Litlhare CDS mother 5099 5493 51.51 27.47 Litlhare-030200ab.cha 788 12669 788 389  49.3654822 40.247849080
Litlhare CDS mother 5099 5493 51.51 27.47 Litlhare-020800ab.cha 410 12669 410   5   1.2195122 40.247849080
Litlhare CDS mother 5099 5493 51.51 27.47 Litlhare-020200cd.cha 407 12669 407 294  72.2358722 40.247849080
Litlhare CDS mother 5099 5493 51.51 27.47 Litlhare-020500ef.cha 310 12669 310 254  81.9354839 40.247849080
Litlhare CDS mother 5099 5493 51.51 27.47 Litlhare-020100cd.cha 732 12669 732 541  73.9071038 40.247849080
Litlhare CDS mother 5099 5493 51.51 27.47 Litlhare-020100ef.cha 767 12669 767 152  19.8174707 40.247849080
Litlhare CDS mother 5099 5493 51.51 27.47 Litlhare-020500cd.cha 479 12669 479  31   6.4718163 40.247849080
Litlhare CDS mother 5099 5493 51.51 27.47 Litlhare-030200cd.cha 804 12669 804 314  39.0547264 40.247849080
Litlhare CDS mother 5099 5493 51.51 27.47 Litlhare-020100ab.cha 912 12669 912 275  30.1535088 40.247849080
Litlhare CDS mother 5099 5493 51.51 27.47 Litlhare-020900ab.cha 618 12669 618 245  39.6440129 40.247849080
Litlhare CDS mother 5099 5493 51.51 27.47 Litlhare-020600e.cha  26 12669  26  26 100.0000000 40.247849080
Litlhare CDS mother 5099 5493 51.51 27.47 Litlhare-020200ab.cha 662 12669 662 459  69.3353474 40.247849080
Litlhare OCDS adult   29  340  0.87  0.89 Litlhare-020500cd.cha 479 12669 479  10   2.0876827  0.228905202
Litlhare OCDS adult   29  340  0.87  0.89 Litlhare-020100ab.cha 912 12669 912  14   1.5350877  0.228905202
Litlhare OCDS adult   29  340  0.87  0.89 Litlhare-030200ab.cha 788 12669 788   2   0.2538071  0.228905202
Litlhare OCDS adult   29  340  0.87  0.89 Litlhare-020500ab.cha 500 12669 500   1   0.2000000  0.228905202
Litlhare OCDS adult   29  340  0.87  0.89 Litlhare-030200cd.cha 804 12669 804   2   0.2487562  0.228905202
Litlhare OCDS child  327 6836  2.89  2.76 Litlhare-020900ab.cha 618 12669 618  12   1.9417476  2.581103481
Litlhare OCDS child  327 6836  2.89  2.76 Litlhare-021000cd.cha 360 12669 360  38  10.5555556  2.581103481
Litlhare OCDS child  327 6836  2.89  2.76 Litlhare-020200cd.cha 407 12669 407   7   1.7199017  2.581103481
Litlhare OCDS child  327 6836  2.89  2.76 Litlhare-030200cd.cha 804 12669 804  44   5.4726368  2.581103481
Litlhare OCDS child  327 6836  2.89  2.76 Litlhare-020400ab.cha 899 12669 899   1   0.1112347  2.581103481
Litlhare OCDS child  327 6836  2.89  2.76 Litlhare-030000ab.cha 434 12669 434  13   2.9953917  2.581103481
Litlhare OCDS child  327 6836  2.89  2.76 Litlhare-020500cd.cha 479 12669 479  26   5.4279749  2.581103481
Litlhare OCDS child  327 6836  2.89  2.76 Litlhare-020100ef.cha 767 12669 767  51   6.6492829  2.581103481
Litlhare OCDS child  327 6836  2.89  2.76 Litlhare-020800cd.cha 345 12669 345   1   0.2898551  2.581103481
Litlhare OCDS child  327 6836  2.89  2.76 Litlhare-020200ab.cha 662 12669 662   1   0.1510574  2.581103481
Litlhare OCDS child  327 6836  2.89  2.76 Litlhare-020800ab.cha 410 12669 410   6   1.4634146  2.581103481
Litlhare OCDS child  327 6836  2.89  2.76 Litlhare-021000ab.cha 749 12669 749  20   2.6702270  2.581103481
Litlhare OCDS child  327 6836  2.89  2.76 Litlhare-020500ab.cha 500 12669 500  21   4.2000000  2.581103481
Litlhare OCDS child  327 6836  2.89  2.76 Litlhare-020600cd.cha 589 12669 589   1   0.1697793  2.581103481
Litlhare OCDS child  327 6836  2.89  2.76 Litlhare-030000cd.cha 667 12669 667   3   0.4497751  2.581103481
Litlhare OCDS child  327 6836  2.89  2.76 Litlhare-020100cd.cha 732 12669 732   3   0.4098361  2.581103481
Litlhare OCDS child  327 6836  2.89  2.76 Litlhare-020100ab.cha 912 12669 912  43   4.7149123  2.581103481
Litlhare OCDS child  327 6836  2.89  2.76 Litlhare-030200ab.cha 788 12669 788  23   2.9187817  2.581103481
Litlhare OCDS child  327 6836  2.89  2.76 Litlhare-020400cd.cha 505 12669 505  13   2.5742574  2.581103481
Litlhare OCDS mother  323 5493  3.23  2.26 Litlhare-020100ab.cha 912 12669 912   6   0.6578947  2.549530350
Litlhare OCDS mother  323 5493  3.23  2.26 Litlhare-020100cd.cha 732 12669 732  25   3.4153005  2.549530350
Litlhare OCDS mother  323 5493  3.23  2.26 Litlhare-020500cd.cha 479 12669 479   9   1.8789144  2.549530350
Litlhare OCDS mother  323 5493  3.23  2.26 Litlhare-020100ef.cha 767 12669 767  26   3.3898305  2.549530350
Litlhare OCDS mother  323 5493  3.23  2.26 Litlhare-030000ab.cha 434 12669 434  14   3.2258065  2.549530350
Litlhare OCDS mother  323 5493  3.23  2.26 Litlhare-020900ab.cha 618 12669 618  14   2.2653722  2.549530350
Litlhare OCDS mother  323 5493  3.23  2.26 Litlhare-020200ab.cha 662 12669 662   6   0.9063444  2.549530350
Litlhare OCDS mother  323 5493  3.23  2.26 Litlhare-030200ab.cha 788 12669 788  18   2.2842640  2.549530350
Litlhare OCDS mother  323 5493  3.23  2.26 Litlhare-020400ab.cha 899 12669 899  61   6.7853170  2.549530350
Litlhare OCDS mother  323 5493  3.23  2.26 Litlhare-020200cd.cha 407 12669 407   4   0.9828010  2.549530350
Litlhare OCDS mother  323 5493  3.23  2.26 Litlhare-020400cd.cha 505 12669 505  27   5.3465347  2.549530350
Litlhare OCDS mother  323 5493  3.23  2.26 Litlhare-030000cd.cha 667 12669 667  47   7.0464768  2.549530350
Litlhare OCDS mother  323 5493  3.23  2.26 Litlhare-030200cd.cha 804 12669 804  25   3.1094527  2.549530350
Litlhare OCDS mother  323 5493  3.23  2.26 Litlhare-020600cd.cha 589 12669 589  39   6.6213922  2.549530350
Litlhare OCDS mother  323 5493  3.23  2.26 Litlhare-020800ab.cha 410 12669 410   2   0.4878049  2.549530350
Litlhare unclassified adult    6  340  0.38  0.24 Litlhare-020100ab.cha 912 12669 912   5   0.5482456  0.047359697
Litlhare unclassified adult    6  340  0.38  0.24 Litlhare-020500cd.cha 479 12669 479   1   0.2087683  0.047359697
Litlhare unclassified child   24 6836  0.43  0.49 Litlhare-020200ab.cha 662 12669 662   1   0.1510574  0.189438788
Litlhare unclassified child   24 6836  0.43  0.49 Litlhare-020100ab.cha 912 12669 912   3   0.3289474  0.189438788
Litlhare unclassified child   24 6836  0.43  0.49 Litlhare-020500cd.cha 479 12669 479   6   1.2526096  0.189438788
Litlhare unclassified child   24 6836  0.43  0.49 Litlhare-020100ef.cha 767 12669 767   2   0.2607562  0.189438788
Litlhare unclassified child   24 6836  0.43  0.49 Litlhare-020400cd.cha 505 12669 505   1   0.1980198  0.189438788
Litlhare unclassified child   24 6836  0.43  0.49 Litlhare-020400ab.cha 899 12669 899   1   0.1112347  0.189438788
Litlhare unclassified child   24 6836  0.43  0.49 Litlhare-020800ab.cha 410 12669 410   1   0.2439024  0.189438788
Litlhare unclassified child   24 6836  0.43  0.49 Litlhare-020100cd.cha 732 12669 732   1   0.1366120  0.189438788
Litlhare unclassified child   24 6836  0.43  0.49 Litlhare-020500ab.cha 500 12669 500   4   0.8000000  0.189438788
Litlhare unclassified child   24 6836  0.43  0.49 Litlhare-021000ab.cha 749 12669 749   1   0.1335113  0.189438788
Litlhare unclassified child   24 6836  0.43  0.49 Litlhare-030200cd.cha 804 12669 804   1   0.1243781  0.189438788
Litlhare unclassified child   24 6836  0.43  0.49 Litlhare-020900ab.cha 618 12669 618   1   0.1618123  0.189438788
Litlhare unclassified child   24 6836  0.43  0.49 Litlhare-020900cd.cha  61 12669  61   1   1.6393443  0.189438788
Litlhare unclassified mother   22 5493  0.32  0.15 Litlhare-020500ef.cha 310 12669 310   1   0.3225806  0.173652222
Litlhare unclassified mother   22 5493  0.32  0.15 Litlhare-020100cd.cha 732 12669 732   2   0.2732240  0.173652222
Litlhare unclassified mother   22 5493  0.32  0.15 Litlhare-020200cd.cha 407 12669 407   1   0.2457002  0.173652222
Litlhare unclassified mother   22 5493  0.32  0.15 Litlhare-020400cd.cha 505 12669 505   2   0.3960396  0.173652222
Litlhare unclassified mother   22 5493  0.32  0.15 Litlhare-020500cd.cha 479 12669 479   3   0.6263048  0.173652222
Litlhare unclassified mother   22 5493  0.32  0.15 Litlhare-020400ab.cha 899 12669 899   3   0.3337041  0.173652222
Litlhare unclassified mother   22 5493  0.32  0.15 Litlhare-030000cd.cha 667 12669 667   2   0.2998501  0.173652222
Litlhare unclassified mother   22 5493  0.32  0.15 Litlhare-020100ab.cha 912 12669 912   5   0.5482456  0.173652222
Litlhare unclassified mother   22 5493  0.32  0.15 Litlhare-020800ab.cha 410 12669 410   1   0.2439024  0.173652222
Litlhare unclassified mother   22 5493  0.32  0.15 Litlhare-020100ef.cha 767 12669 767   1   0.1303781  0.173652222
Litlhare unclassified mother   22 5493  0.32  0.15 Litlhare-020600ab.cha 645 12669 645   1   0.1550388  0.173652222
Neuoe ADS adult   17 1345  0.54  0.48 Neuoe-040100ab.cha 940 10502 940   1   0.1063830  0.161873929
Neuoe ADS adult   17 1345  0.54  0.48 Neuoe-031000e.cha 570 10502 570   5   0.8771930  0.161873929
Neuoe ADS adult   17 1345  0.54  0.48 Neuoe-040300ab.cha 696 10502 696   1   0.1436782  0.161873929
Neuoe ADS adult   17 1345  0.54  0.48 Neuoe-031000cd.cha 966 10502 966  10   1.0351967  0.161873929
Neuoe ADS child 2268 6666 19.02 13.31 Neuoe-040100ab.cha 940 10502 940 269  28.6170213 21.595886498
Neuoe ADS child 2268 6666 19.02 13.31 Neuoe-040700e.cha 120 10502 120  11   9.1666667 21.595886498
Neuoe ADS child 2268 6666 19.02 13.31 Neuoe-030800cd.cha 372 10502 372  66  17.7419355 21.595886498
Neuoe ADS child 2268 6666 19.02 13.31 Neuoe-040700cd.cha 194 10502 194  15   7.7319588 21.595886498
Neuoe ADS child 2268 6666 19.02 13.31 Neuoe-040100ef.cha 407 10502 407  28   6.8796069 21.595886498
Neuoe ADS child 2268 6666 19.02 13.31 Neuoe-040300e.cha 155 10502 155  30  19.3548387 21.595886498
Neuoe ADS child 2268 6666 19.02 13.31 Neuoe-031000cd.cha 966 10502 966 372  38.5093168 21.595886498
Neuoe ADS child 2268 6666 19.02 13.31 Neuoe-040000ab.cha 821 10502 821  60   7.3081608 21.595886498
Neuoe ADS child 2268 6666 19.02 13.31 Neuoe-040500cd.cha 512 10502 512  77  15.0390625 21.595886498
Neuoe ADS child 2268 6666 19.02 13.31 Neuoe-040300ab.cha 696 10502 696 112  16.0919540 21.595886498
Neuoe ADS child 2268 6666 19.02 13.31 Neuoe-040700ab.cha 208 10502 208  35  16.8269231 21.595886498
Neuoe ADS child 2268 6666 19.02 13.31 Neuoe-031000e.cha 570 10502 570  54   9.4736842 21.595886498
Neuoe ADS child 2268 6666 19.02 13.31 Neuoe-040500e.cha  96 10502  96   7   7.2916667 21.595886498
Neuoe ADS child 2268 6666 19.02 13.31 Neuoe-040100cd.cha 497 10502 497  71  14.2857143 21.595886498
Neuoe ADS child 2268 6666 19.02 13.31 Neuoe-030800ef.cha 279 10502 279  74  26.5232975 21.595886498
Neuoe ADS child 2268 6666 19.02 13.31 Neuoe-030900b.cha 124 10502 124  54  43.5483871 21.595886498
Neuoe ADS child 2268 6666 19.02 13.31 Neuoe-040000cd.cha 853 10502 853 156  18.2883939 21.595886498
Neuoe ADS child 2268 6666 19.02 13.31 Neuoe-040500ab.cha 362 10502 362  41  11.3259669 21.595886498
Neuoe ADS child 2268 6666 19.02 13.31 Neuoe-030900a.cha 389 10502 389  16   4.1131105 21.595886498
Neuoe ADS child 2268 6666 19.02 13.31 Neuoe-030800ab.cha 278 10502 278  55  19.7841727 21.595886498
Neuoe ADS child 2268 6666 19.02 13.31 Neuoe-040300cd.cha 547 10502 547  61  11.1517367 21.595886498
Neuoe ADS child 2268 6666 19.02 13.31 Neuoe-040300f.cha 147 10502 147  45  30.6122449 21.595886498
Neuoe ADS child 2268 6666 19.02 13.31 Neuoe-031000ab.cha 969 10502 969 559  57.6883385 21.595886498
Neuoe ADS mother   30 2491  0.69  0.44 Neuoe-040500ab.cha 362 10502 362   2   0.5524862  0.285659874
Neuoe ADS mother   30 2491  0.69  0.44 Neuoe-040100cd.cha 497 10502 497   2   0.4024145  0.285659874
Neuoe ADS mother   30 2491  0.69  0.44 Neuoe-030900b.cha 124 10502 124   1   0.8064516  0.285659874
Neuoe ADS mother   30 2491  0.69  0.44 Neuoe-040300ab.cha 696 10502 696   1   0.1436782  0.285659874
Neuoe ADS mother   30 2491  0.69  0.44 Neuoe-031000ab.cha 969 10502 969  11   1.1351909  0.285659874
Neuoe ADS mother   30 2491  0.69  0.44 Neuoe-040100ab.cha 940 10502 940   2   0.2127660  0.285659874
Neuoe ADS mother   30 2491  0.69  0.44 Neuoe-040300f.cha 147 10502 147   2   1.3605442  0.285659874
Neuoe ADS mother   30 2491  0.69  0.44 Neuoe-031000cd.cha 966 10502 966   9   0.9316770  0.285659874
Neuoe CDS adult  577 1345 10.80 11.52 Neuoe-031000cd.cha 966 10502 966  95   9.8343685  5.494191583
Neuoe CDS adult  577 1345 10.80 11.52 Neuoe-031000e.cha 570 10502 570 203  35.6140351  5.494191583
Neuoe CDS adult  577 1345 10.80 11.52 Neuoe-040300cd.cha 547 10502 547 111  20.2925046  5.494191583
Neuoe CDS adult  577 1345 10.80 11.52 Neuoe-040500cd.cha 512 10502 512  18   3.5156250  5.494191583
Neuoe CDS adult  577 1345 10.80 11.52 Neuoe-030800ef.cha 279 10502 279   3   1.0752688  5.494191583
Neuoe CDS adult  577 1345 10.80 11.52 Neuoe-040500ab.cha 362 10502 362   4   1.1049724  5.494191583
Neuoe CDS adult  577 1345 10.80 11.52 Neuoe-040000ab.cha 821 10502 821   6   0.7308161  5.494191583
Neuoe CDS adult  577 1345 10.80 11.52 Neuoe-030800ab.cha 278 10502 278  59  21.2230216  5.494191583
Neuoe CDS adult  577 1345 10.80 11.52 Neuoe-040300ab.cha 696 10502 696  68   9.7701149  5.494191583
Neuoe CDS adult  577 1345 10.80 11.52 Neuoe-040700ab.cha 208 10502 208  10   4.8076923  5.494191583
Neuoe CDS child 1744 6666 19.26 11.35 Neuoe-030800ef.cha 279 10502 279  27   9.6774194 16.606360693
Neuoe CDS child 1744 6666 19.26 11.35 Neuoe-040700e.cha 120 10502 120  27  22.5000000 16.606360693
Neuoe CDS child 1744 6666 19.26 11.35 Neuoe-040300f.cha 147 10502 147  19  12.9251701 16.606360693
Neuoe CDS child 1744 6666 19.26 11.35 Neuoe-040300e.cha 155 10502 155  16  10.3225806 16.606360693
Neuoe CDS child 1744 6666 19.26 11.35 Neuoe-040100cd.cha 497 10502 497 145  29.1750503 16.606360693
Neuoe CDS child 1744 6666 19.26 11.35 Neuoe-031000cd.cha 966 10502 966  76   7.8674948 16.606360693
Neuoe CDS child 1744 6666 19.26 11.35 Neuoe-030800ab.cha 278 10502 278  27   9.7122302 16.606360693
Neuoe CDS child 1744 6666 19.26 11.35 Neuoe-040500ab.cha 362 10502 362 185  51.1049724 16.606360693
Neuoe CDS child 1744 6666 19.26 11.35 Neuoe-040000cd.cha 853 10502 853 267  31.3012896 16.606360693
Neuoe CDS child 1744 6666 19.26 11.35 Neuoe-040100ab.cha 940 10502 940 114  12.1276596 16.606360693
Neuoe CDS child 1744 6666 19.26 11.35 Neuoe-040500e.cha  96 10502  96  38  39.5833333 16.606360693
Neuoe CDS child 1744 6666 19.26 11.35 Neuoe-040700cd.cha 194 10502 194  42  21.6494845 16.606360693
Neuoe CDS child 1744 6666 19.26 11.35 Neuoe-030900a.cha 389 10502 389  65  16.7095116 16.606360693
Neuoe CDS child 1744 6666 19.26 11.35 Neuoe-040300ab.cha 696 10502 696  55   7.9022989 16.606360693
Neuoe CDS child 1744 6666 19.26 11.35 Neuoe-040100ef.cha 407 10502 407  50  12.2850123 16.606360693
Neuoe CDS child 1744 6666 19.26 11.35 Neuoe-030800cd.cha 372 10502 372  24   6.4516129 16.606360693
Neuoe CDS child 1744 6666 19.26 11.35 Neuoe-040300cd.cha 547 10502 547 126  23.0347349 16.606360693
Neuoe CDS child 1744 6666 19.26 11.35 Neuoe-040000ab.cha 821 10502 821 179  21.8026797 16.606360693
Neuoe CDS child 1744 6666 19.26 11.35 Neuoe-040700ab.cha 208 10502 208  35  16.8269231 16.606360693
Neuoe CDS child 1744 6666 19.26 11.35 Neuoe-040500cd.cha 512 10502 512  88  17.1875000 16.606360693
Neuoe CDS child 1744 6666 19.26 11.35 Neuoe-031000e.cha 570 10502 570 139  24.3859649 16.606360693
Neuoe CDS mother  513 2491  8.67  9.64 Neuoe-040300e.cha 155 10502 155  60  38.7096774  4.884783851
Neuoe CDS mother  513 2491  8.67  9.64 Neuoe-040700cd.cha 194 10502 194   9   4.6391753  4.884783851
Neuoe CDS mother  513 2491  8.67  9.64 Neuoe-040500ab.cha 362 10502 362  28   7.7348066  4.884783851
Neuoe CDS mother  513 2491  8.67  9.64 Neuoe-040000ab.cha 821 10502 821   6   0.7308161  4.884783851
Neuoe CDS mother  513 2491  8.67  9.64 Neuoe-040300f.cha 147 10502 147  15  10.2040816  4.884783851
Neuoe CDS mother  513 2491  8.67  9.64 Neuoe-040500e.cha  96 10502  96   3   3.1250000  4.884783851
Neuoe CDS mother  513 2491  8.67  9.64 Neuoe-040300ab.cha 696 10502 696  46   6.6091954  4.884783851
Neuoe CDS mother  513 2491  8.67  9.64 Neuoe-030800cd.cha 372 10502 372  17   4.5698925  4.884783851
Neuoe CDS mother  513 2491  8.67  9.64 Neuoe-040700ab.cha 208 10502 208  30  14.4230769  4.884783851
Neuoe CDS mother  513 2491  8.67  9.64 Neuoe-040100cd.cha 497 10502 497  26   5.2313883  4.884783851
Neuoe CDS mother  513 2491  8.67  9.64 Neuoe-040100ab.cha 940 10502 940 200  21.2765957  4.884783851
Neuoe CDS mother  513 2491  8.67  9.64 Neuoe-030900a.cha 389 10502 389   9   2.3136247  4.884783851
Neuoe CDS mother  513 2491  8.67  9.64 Neuoe-040100ef.cha 407 10502 407   4   0.9828010  4.884783851
Neuoe CDS mother  513 2491  8.67  9.64 Neuoe-040500cd.cha 512 10502 512  33   6.4453125  4.884783851
Neuoe CDS mother  513 2491  8.67  9.64 Neuoe-040700e.cha 120 10502 120  12  10.0000000  4.884783851
Neuoe CDS mother  513 2491  8.67  9.64 Neuoe-040000cd.cha 853 10502 853  15   1.7584994  4.884783851
Neuoe OCDS adult  748 1345  8.10 11.47 Neuoe-031000e.cha 570 10502 570  91  15.9649123  7.122452866
Neuoe OCDS adult  748 1345  8.10 11.47 Neuoe-040300cd.cha 547 10502 547 156  28.5191956  7.122452866
Neuoe OCDS adult  748 1345  8.10 11.47 Neuoe-030800ab.cha 278 10502 278 118  42.4460432  7.122452866
Neuoe OCDS adult  748 1345  8.10 11.47 Neuoe-040300ab.cha 696 10502 696  44   6.3218391  7.122452866
Neuoe OCDS adult  748 1345  8.10 11.47 Neuoe-030800cd.cha 372 10502 372  19   5.1075269  7.122452866
Neuoe OCDS adult  748 1345  8.10 11.47 Neuoe-030800ef.cha 279 10502 279  16   5.7347670  7.122452866
Neuoe OCDS adult  748 1345  8.10 11.47 Neuoe-031000cd.cha 966 10502 966 225  23.2919255  7.122452866
Neuoe OCDS adult  748 1345  8.10 11.47 Neuoe-040700e.cha 120 10502 120   8   6.6666667  7.122452866
Neuoe OCDS adult  748 1345  8.10 11.47 Neuoe-040700ab.cha 208 10502 208   2   0.9615385  7.122452866
Neuoe OCDS adult  748 1345  8.10 11.47 Neuoe-040500cd.cha 512 10502 512  20   3.9062500  7.122452866
Neuoe OCDS adult  748 1345  8.10 11.47 Neuoe-040700cd.cha 194 10502 194   1   0.5154639  7.122452866
Neuoe OCDS adult  748 1345  8.10 11.47 Neuoe-030900b.cha 124 10502 124   5   4.0322581  7.122452866
Neuoe OCDS adult  748 1345  8.10 11.47 Neuoe-040000ab.cha 821 10502 821  19   2.3142509  7.122452866
Neuoe OCDS adult  748 1345  8.10 11.47 Neuoe-031000ab.cha 969 10502 969   3   0.3095975  7.122452866
Neuoe OCDS adult  748 1345  8.10 11.47 Neuoe-040500ab.cha 362 10502 362   6   1.6574586  7.122452866
Neuoe OCDS adult  748 1345  8.10 11.47 Neuoe-040100ab.cha 940 10502 940   8   0.8510638  7.122452866
Neuoe OCDS adult  748 1345  8.10 11.47 Neuoe-040100cd.cha 497 10502 497   2   0.4024145  7.122452866
Neuoe OCDS adult  748 1345  8.10 11.47 Neuoe-040500e.cha  96 10502  96   4   4.1666667  7.122452866
Neuoe OCDS adult  748 1345  8.10 11.47 Neuoe-040300f.cha 147 10502 147   1   0.6802721  7.122452866
Neuoe OCDS child 2585 6666 26.71 22.09 Neuoe-030900b.cha 124 10502 124   3   2.4193548 24.614359170
Neuoe OCDS child 2585 6666 26.71 22.09 Neuoe-031000ab.cha 969 10502 969  27   2.7863777 24.614359170
Neuoe OCDS child 2585 6666 26.71 22.09 Neuoe-040300f.cha 147 10502 147  18  12.2448980 24.614359170
Neuoe OCDS child 2585 6666 26.71 22.09 Neuoe-030800ab.cha 278 10502 278   2   0.7194245 24.614359170
Neuoe OCDS child 2585 6666 26.71 22.09 Neuoe-040100cd.cha 497 10502 497 160  32.1931590 24.614359170
Neuoe OCDS child 2585 6666 26.71 22.09 Neuoe-031000cd.cha 966 10502 966  10   1.0351967 24.614359170
Neuoe OCDS child 2585 6666 26.71 22.09 Neuoe-030800cd.cha 372 10502 372 184  49.4623656 24.614359170
Neuoe OCDS child 2585 6666 26.71 22.09 Neuoe-040000cd.cha 853 10502 853 235  27.5498242 24.614359170
Neuoe OCDS child 2585 6666 26.71 22.09 Neuoe-030800ef.cha 279 10502 279  76  27.2401434 24.614359170
Neuoe OCDS child 2585 6666 26.71 22.09 Neuoe-040300ab.cha 696 10502 696 242  34.7701149 24.614359170
Neuoe OCDS child 2585 6666 26.71 22.09 Neuoe-040000ab.cha 821 10502 821 472  57.4908648 24.614359170
Neuoe OCDS child 2585 6666 26.71 22.09 Neuoe-040700cd.cha 194 10502 194  96  49.4845361 24.614359170
Neuoe OCDS child 2585 6666 26.71 22.09 Neuoe-040500cd.cha 512 10502 512 234  45.7031250 24.614359170
Neuoe OCDS child 2585 6666 26.71 22.09 Neuoe-040300e.cha 155 10502 155   9   5.8064516 24.614359170
Neuoe OCDS child 2585 6666 26.71 22.09 Neuoe-040300cd.cha 547 10502 547  93  17.0018282 24.614359170
Neuoe OCDS child 2585 6666 26.71 22.09 Neuoe-040500e.cha  96 10502  96  44  45.8333333 24.614359170
Neuoe OCDS child 2585 6666 26.71 22.09 Neuoe-030900a.cha 389 10502 389 261  67.0951157 24.614359170
Neuoe OCDS child 2585 6666 26.71 22.09 Neuoe-040100ef.cha 407 10502 407 270  66.3390663 24.614359170
Neuoe OCDS child 2585 6666 26.71 22.09 Neuoe-040500ab.cha 362 10502 362  44  12.1546961 24.614359170
Neuoe OCDS child 2585 6666 26.71 22.09 Neuoe-040100ab.cha 940 10502 940   2   0.2127660 24.614359170
Neuoe OCDS child 2585 6666 26.71 22.09 Neuoe-040700e.cha 120 10502 120  36  30.0000000 24.614359170
Neuoe OCDS child 2585 6666 26.71 22.09 Neuoe-040700ab.cha 208 10502 208  49  23.5576923 24.614359170
Neuoe OCDS child 2585 6666 26.71 22.09 Neuoe-031000e.cha 570 10502 570  18   3.1578947 24.614359170
Neuoe OCDS mother 1948 2491 20.13 11.84 Neuoe-040700cd.cha 194 10502 194  31  15.9793814 18.548847839
Neuoe OCDS mother 1948 2491 20.13 11.84 Neuoe-031000cd.cha 966 10502 966 169  17.4948240 18.548847839
Neuoe OCDS mother 1948 2491 20.13 11.84 Neuoe-040100ef.cha 407 10502 407  55  13.5135135 18.548847839
Neuoe OCDS mother 1948 2491 20.13 11.84 Neuoe-040300f.cha 147 10502 147  47  31.9727891 18.548847839
Neuoe OCDS mother 1948 2491 20.13 11.84 Neuoe-030800ef.cha 279 10502 279  82  29.3906810 18.548847839
Neuoe OCDS mother 1948 2491 20.13 11.84 Neuoe-040000ab.cha 821 10502 821  78   9.5006090 18.548847839
Neuoe OCDS mother 1948 2491 20.13 11.84 Neuoe-030800ab.cha 278 10502 278  16   5.7553957 18.548847839
Neuoe OCDS mother 1948 2491 20.13 11.84 Neuoe-040300e.cha 155 10502 155  40  25.8064516 18.548847839
Neuoe OCDS mother 1948 2491 20.13 11.84 Neuoe-030900b.cha 124 10502 124  61  49.1935484 18.548847839
Neuoe OCDS mother 1948 2491 20.13 11.84 Neuoe-040500cd.cha 512 10502 512  33   6.4453125 18.548847839
Neuoe OCDS mother 1948 2491 20.13 11.84 Neuoe-040300ab.cha 696 10502 696 125  17.9597701 18.548847839
Neuoe OCDS mother 1948 2491 20.13 11.84 Neuoe-040100ab.cha 940 10502 940 342  36.3829787 18.548847839
Neuoe OCDS mother 1948 2491 20.13 11.84 Neuoe-040100cd.cha 497 10502 497  91  18.3098592 18.548847839
Neuoe OCDS mother 1948 2491 20.13 11.84 Neuoe-040500ab.cha 362 10502 362  52  14.3646409 18.548847839
Neuoe OCDS mother 1948 2491 20.13 11.84 Neuoe-040700e.cha 120 10502 120  26  21.6666667 18.548847839
Neuoe OCDS mother 1948 2491 20.13 11.84 Neuoe-040000cd.cha 853 10502 853 179  20.9847597 18.548847839
Neuoe OCDS mother 1948 2491 20.13 11.84 Neuoe-030900a.cha 389 10502 389  38   9.7686375 18.548847839
Neuoe OCDS mother 1948 2491 20.13 11.84 Neuoe-031000ab.cha 969 10502 969 369  38.0804954 18.548847839
Neuoe OCDS mother 1948 2491 20.13 11.84 Neuoe-040700ab.cha 208 10502 208  47  22.5961538 18.548847839
Neuoe OCDS mother 1948 2491 20.13 11.84 Neuoe-030800cd.cha 372 10502 372  62  16.6666667 18.548847839
Neuoe OCDS mother 1948 2491 20.13 11.84 Neuoe-031000e.cha 570 10502 570   5   0.8771930 18.548847839
Neuoe unclassified adult    3 1345  0.36  0.01 Neuoe-030800ab.cha 278 10502 278   1   0.3597122  0.028565987
Neuoe unclassified adult    3 1345  0.36  0.01 Neuoe-031000e.cha 570 10502 570   2   0.3508772  0.028565987
Neuoe unclassified child   69 6666  1.74  3.38 Neuoe-040000ab.cha 821 10502 821   1   0.1218027  0.657017711
Neuoe unclassified child   69 6666  1.74  3.38 Neuoe-040000cd.cha 853 10502 853   1   0.1172333  0.657017711
Neuoe unclassified child   69 6666  1.74  3.38 Neuoe-040100ab.cha 940 10502 940   2   0.2127660  0.657017711
Neuoe unclassified child   69 6666  1.74  3.38 Neuoe-040300ab.cha 696 10502 696   2   0.2873563  0.657017711
Neuoe unclassified child   69 6666  1.74  3.38 Neuoe-040500cd.cha 512 10502 512   9   1.7578125  0.657017711
Neuoe unclassified child   69 6666  1.74  3.38 Neuoe-030800ef.cha 279 10502 279   1   0.3584229  0.657017711
Neuoe unclassified child   69 6666  1.74  3.38 Neuoe-031000e.cha 570 10502 570  53   9.2982456  0.657017711
