keychild speaker sumperSpeakerChild averagepersession.1 averagepersession.2 largetotalperchild session totalofsession nb_uttpersession percentageperSessionSpeakerChild percentageperSpeakerChild
Hlobohang adult 4767 33.33 20.39 13285 Hlobohang-020100ab.cha  553 239 43.2188065 35.882574
Hlobohang adult 4767 33.33 20.39 13285 Hlobohang-020600cd.cha  427  53 12.4121780 35.882574
Hlobohang adult 4767 33.33 20.39 13285 Hlobohang-020500ab.cha  679  66  9.7201767 35.882574
Hlobohang adult 4767 33.33 20.39 13285 Hlobohang-030000cd.cha  391 160 40.9207161 35.882574
Hlobohang adult 4767 33.33 20.39 13285 Hlobohang-020100cd.cha  658 363 55.1671733 35.882574
Hlobohang adult 4767 33.33 20.39 13285 Hlobohang-021100ab.cha  329   8  2.4316109 35.882574
Hlobohang adult 4767 33.33 20.39 13285 Hlobohang-020500cd.cha 1045 765 73.2057416 35.882574
Hlobohang adult 4767 33.33 20.39 13285 Hlobohang-020400ab.cha  865 143 16.5317919 35.882574
Hlobohang adult 4767 33.33 20.39 13285 Hlobohang-020100ef.cha  560 165 29.4642857 35.882574
Hlobohang adult 4767 33.33 20.39 13285 Hlobohang-021100cd.cha  629 198 31.4785374 35.882574
Hlobohang adult 4767 33.33 20.39 13285 Hlobohang-020900ab.cha  320  51 15.9375000 35.882574
Hlobohang adult 4767 33.33 20.39 13285 Hlobohang-020400cd.cha  794 443 55.7934509 35.882574
Hlobohang adult 4767 33.33 20.39 13285 Hlobohang-020200ab.cha 1112 647 58.1834532 35.882574
Hlobohang adult 4767 33.33 20.39 13285 Hlobohang-020900cd.cha  442 133 30.0904977 35.882574
Hlobohang adult 4767 33.33 20.39 13285 Hlobohang-020700ab.cha  463 140 30.2375810 35.882574
Hlobohang adult 4767 33.33 20.39 13285 Hlobohang-020600ab.cha  477  79 16.5618449 35.882574
Hlobohang adult 4767 33.33 20.39 13285 Hlobohang-020200cd.cha  927 376 40.5609493 35.882574
Hlobohang adult 4767 33.33 20.39 13285 Hlobohang-020800cd.cha  515 144 27.9611650 35.882574
Hlobohang adult 4767 33.33 20.39 13285 Hlobohang-020700cd.cha  700 376 53.7142857 35.882574
Hlobohang adult 4767 33.33 20.39 13285 Hlobohang-020800ab.cha  584   1  0.1712329 35.882574
Hlobohang adult 4767 33.33 20.39 13285 Hlobohang-030000ab.cha  387 217 56.0723514 35.882574
Hlobohang child 5328 41.18 22.23 13285 Hlobohang-020100ab.cha  553  68 12.2965642 40.105382
Hlobohang child 5328 41.18 22.23 13285 Hlobohang-020100ef.cha  560 186 33.2142857 40.105382
Hlobohang child 5328 41.18 22.23 13285 Hlobohang-020400ab.cha  865 593 68.5549133 40.105382
Hlobohang child 5328 41.18 22.23 13285 Hlobohang-020900e.cha   89  73 82.0224719 40.105382
Hlobohang child 5328 41.18 22.23 13285 Hlobohang-020500cd.cha 1045 179 17.1291866 40.105382
Hlobohang child 5328 41.18 22.23 13285 Hlobohang-020400cd.cha  794 306 38.5390428 40.105382
Hlobohang child 5328 41.18 22.23 13285 Hlobohang-020900ab.cha  320 175 54.6875000 40.105382
Hlobohang child 5328 41.18 22.23 13285 Hlobohang-020700cd.cha  700 226 32.2857143 40.105382
Hlobohang child 5328 41.18 22.23 13285 Hlobohang-020600cd.cha  427 298 69.7892272 40.105382
Hlobohang child 5328 41.18 22.23 13285 Hlobohang-021100ab.cha  329 140 42.5531915 40.105382
Hlobohang child 5328 41.18 22.23 13285 Hlobohang-020800ef.cha  339   7  2.0648968 40.105382
Hlobohang child 5328 41.18 22.23 13285 Hlobohang-020800cd.cha  515 100 19.4174757 40.105382
Hlobohang child 5328 41.18 22.23 13285 Hlobohang-020700ab.cha  463 226 48.8120950 40.105382
Hlobohang child 5328 41.18 22.23 13285 Hlobohang-020800ab.cha  584 359 61.4726027 40.105382
Hlobohang child 5328 41.18 22.23 13285 Hlobohang-021100cd.cha  629 270 42.9252782 40.105382
Hlobohang child 5328 41.18 22.23 13285 Hlobohang-020200cd.cha  927 527 56.8500539 40.105382
Hlobohang child 5328 41.18 22.23 13285 Hlobohang-030000cd.cha  391 117 29.9232737 40.105382
Hlobohang child 5328 41.18 22.23 13285 Hlobohang-020600ab.cha  477 195 40.8805031 40.105382
Hlobohang child 5328 41.18 22.23 13285 Hlobohang-030000ab.cha  387  27  6.9767442 40.105382
Hlobohang child 5328 41.18 22.23 13285 Hlobohang-020900cd.cha  442 237 53.6199095 40.105382
Hlobohang child 5328 41.18 22.23 13285 Hlobohang-020200ab.cha 1112 310 27.8776978 40.105382
Hlobohang child 5328 41.18 22.23 13285 Hlobohang-020100cd.cha  658 180 27.3556231 40.105382
Hlobohang child 5328 41.18 22.23 13285 Hlobohang-020500ab.cha  679 529 77.9086892 40.105382
Hlobohang investigator 1454 13.16 10.10 13285 Hlobohang-020400cd.cha  794  29  3.6523929 10.944674
Hlobohang investigator 1454 13.16 10.10 13285 Hlobohang-030000ab.cha  387 105 27.1317829 10.944674
Hlobohang investigator 1454 13.16 10.10 13285 Hlobohang-020500cd.cha 1045  34  3.2535885 10.944674
Hlobohang investigator 1454 13.16 10.10 13285 Hlobohang-021100cd.cha  629  63 10.0158983 10.944674
Hlobohang investigator 1454 13.16 10.10 13285 Hlobohang-020900cd.cha  442  72 16.2895928 10.944674
Hlobohang investigator 1454 13.16 10.10 13285 Hlobohang-020400ab.cha  865  60  6.9364162 10.944674
Hlobohang investigator 1454 13.16 10.10 13285 Hlobohang-020100ab.cha  553  67 12.1157324 10.944674
Hlobohang investigator 1454 13.16 10.10 13285 Hlobohang-021100ab.cha  329  90 27.3556231 10.944674
Hlobohang investigator 1454 13.16 10.10 13285 Hlobohang-020600ab.cha  477  20  4.1928721 10.944674
Hlobohang investigator 1454 13.16 10.10 13285 Hlobohang-020100cd.cha  658  54  8.2066869 10.944674
Hlobohang investigator 1454 13.16 10.10 13285 Hlobohang-020700cd.cha  700  42  6.0000000 10.944674
Hlobohang investigator 1454 13.16 10.10 13285 Hlobohang-020900ab.cha  320  94 29.3750000 10.944674
Hlobohang investigator 1454 13.16 10.10 13285 Hlobohang-020800ef.cha  339  14  4.1297935 10.944674
Hlobohang investigator 1454 13.16 10.10 13285 Hlobohang-020100ef.cha  560  49  8.7500000 10.944674
Hlobohang investigator 1454 13.16 10.10 13285 Hlobohang-030000cd.cha  391  94 24.0409207 10.944674
Hlobohang investigator 1454 13.16 10.10 13285 Hlobohang-020500ab.cha  679  38  5.5964654 10.944674
Hlobohang investigator 1454 13.16 10.10 13285 Hlobohang-020900e.cha   89  16 17.9775281 10.944674
Hlobohang investigator 1454 13.16 10.10 13285 Hlobohang-020200ab.cha 1112  70  6.2949640 10.944674
Hlobohang investigator 1454 13.16 10.10 13285 Hlobohang-020800ab.cha  584 207 35.4452055 10.944674
Hlobohang investigator 1454 13.16 10.10 13285 Hlobohang-020700ab.cha  463  58 12.5269978 10.944674
Hlobohang investigator 1454 13.16 10.10 13285 Hlobohang-020600cd.cha  427  22  5.1522248 10.944674
Hlobohang investigator 1454 13.16 10.10 13285 Hlobohang-020800cd.cha  515 133 25.8252427 10.944674
Hlobohang investigator 1454 13.16 10.10 13285 Hlobohang-020200cd.cha  927  23  2.4811219 10.944674
Hlobohang mother 1736 17.51 21.09 13285 Hlobohang-020100ab.cha  553 179 32.3688969 13.067369
Hlobohang mother 1736 17.51 21.09 13285 Hlobohang-030000ab.cha  387  38  9.8191214 13.067369
Hlobohang mother 1736 17.51 21.09 13285 Hlobohang-020200ab.cha 1112  85  7.6438849 13.067369
Hlobohang mother 1736 17.51 21.09 13285 Hlobohang-020800ab.cha  584  17  2.9109589 13.067369
Hlobohang mother 1736 17.51 21.09 13285 Hlobohang-020500ab.cha  679  46  6.7746686 13.067369
Hlobohang mother 1736 17.51 21.09 13285 Hlobohang-020400ab.cha  865  69  7.9768786 13.067369
Hlobohang mother 1736 17.51 21.09 13285 Hlobohang-020100cd.cha  658  61  9.2705167 13.067369
Hlobohang mother 1736 17.51 21.09 13285 Hlobohang-030000cd.cha  391  20  5.1150895 13.067369
Hlobohang mother 1736 17.51 21.09 13285 Hlobohang-020800ef.cha  339 318 93.8053097 13.067369
Hlobohang mother 1736 17.51 21.09 13285 Hlobohang-020600cd.cha  427  54 12.6463700 13.067369
Hlobohang mother 1736 17.51 21.09 13285 Hlobohang-020100ef.cha  560 160 28.5714286 13.067369
Hlobohang mother 1736 17.51 21.09 13285 Hlobohang-021100ab.cha  329  91 27.6595745 13.067369
Hlobohang mother 1736 17.51 21.09 13285 Hlobohang-020200cd.cha  927   1  0.1078749 13.067369
Hlobohang mother 1736 17.51 21.09 13285 Hlobohang-020800cd.cha  515 138 26.7961165 13.067369
Hlobohang mother 1736 17.51 21.09 13285 Hlobohang-020700ab.cha  463  39  8.4233261 13.067369
Hlobohang mother 1736 17.51 21.09 13285 Hlobohang-020500cd.cha 1045  67  6.4114833 13.067369
Hlobohang mother 1736 17.51 21.09 13285 Hlobohang-021100cd.cha  629  98 15.5802862 13.067369
Hlobohang mother 1736 17.51 21.09 13285 Hlobohang-020400cd.cha  794  16  2.0151134 13.067369
Hlobohang mother 1736 17.51 21.09 13285 Hlobohang-020600ab.cha  477 183 38.3647799 13.067369
Hlobohang mother 1736 17.51 21.09 13285 Hlobohang-020700cd.cha  700  56  8.0000000 13.067369
Litlhare adult  380  4.41  4.58 16273 Litlhare-020100ab.cha 1110 110  9.9099099  2.335156
Litlhare adult  380  4.41  4.58 16273 Litlhare-020500cd.cha  581  61 10.4991394  2.335156
Litlhare adult  380  4.41  4.58 16273 Litlhare-020600ab.cha  653  28  4.2879020  2.335156
Litlhare adult  380  4.41  4.58 16273 Litlhare-030200ab.cha  989  24  2.4266936  2.335156
Litlhare adult  380  4.41  4.58 16273 Litlhare-020500ef.cha  361  53 14.6814404  2.335156
Litlhare adult  380  4.41  4.58 16273 Litlhare-020400cd.cha  634   4  0.6309148  2.335156
Litlhare adult  380  4.41  4.58 16273 Litlhare-020600cd.cha  612   1  0.1633987  2.335156
Litlhare adult  380  4.41  4.58 16273 Litlhare-020800cd.cha  628   2  0.3184713  2.335156
Litlhare adult  380  4.41  4.58 16273 Litlhare-030000ab.cha  494   6  1.2145749  2.335156
Litlhare adult  380  4.41  4.58 16273 Litlhare-020200ab.cha  703  28  3.9829303  2.335156
Litlhare adult  380  4.41  4.58 16273 Litlhare-020500ab.cha  514  29  5.6420233  2.335156
Litlhare adult  380  4.41  4.58 16273 Litlhare-030200cd.cha  928  22  2.3706897  2.335156
Litlhare adult  380  4.41  4.58 16273 Litlhare-021000ab.cha  983  12  1.2207528  2.335156
Litlhare child 7504 44.05 27.41 16273 Litlhare-020100ef.cha  867 614 70.8189158 46.113194
Litlhare child 7504 44.05 27.41 16273 Litlhare-020200cd.cha  556 112 20.1438849 46.113194
Litlhare child 7504 44.05 27.41 16273 Litlhare-020600cd.cha  612 222 36.2745098 46.113194
Litlhare child 7504 44.05 27.41 16273 Litlhare-030000ab.cha  494 172 34.8178138 46.113194
Litlhare child 7504 44.05 27.41 16273 Litlhare-020600ab.cha  653   2  0.3062787 46.113194
Litlhare child 7504 44.05 27.41 16273 Litlhare-020100cd.cha  833 167 20.0480192 46.113194
Litlhare child 7504 44.05 27.41 16273 Litlhare-020400cd.cha  634 353 55.6782334 46.113194
Litlhare child 7504 44.05 27.41 16273 Litlhare-030000cd.cha  734 336 45.7765668 46.113194
Litlhare child 7504 44.05 27.41 16273 Litlhare-020500ab.cha  514 480 93.3852140 46.113194
Litlhare child 7504 44.05 27.41 16273 Litlhare-020900cd.cha  864  32  3.7037037 46.113194
Litlhare child 7504 44.05 27.41 16273 Litlhare-020100ab.cha 1110 555 50.0000000 46.113194
Litlhare child 7504 44.05 27.41 16273 Litlhare-030200ab.cha  989 430 43.4782609 46.113194
Litlhare child 7504 44.05 27.41 16273 Litlhare-020500cd.cha  581 405 69.7074010 46.113194
Litlhare child 7504 44.05 27.41 16273 Litlhare-020400ab.cha 1083 410 37.8578024 46.113194
Litlhare child 7504 44.05 27.41 16273 Litlhare-020500ef.cha  361   1  0.2770083 46.113194
Litlhare child 7504 44.05 27.41 16273 Litlhare-030200cd.cha  928 493 53.1250000 46.113194
Litlhare child 7504 44.05 27.41 16273 Litlhare-020800cd.cha  628 403 64.1719745 46.113194
Litlhare child 7504 44.05 27.41 16273 Litlhare-020900ab.cha  965 450 46.6321244 46.113194
Litlhare child 7504 44.05 27.41 16273 Litlhare-020800ab.cha  595 460 77.3109244 46.113194
Litlhare child 7504 44.05 27.41 16273 Litlhare-021000cd.cha  557 419 75.2244165 46.113194
Litlhare child 7504 44.05 27.41 16273 Litlhare-020200ab.cha  703 178 25.3200569 46.113194
Litlhare child 7504 44.05 27.41 16273 Litlhare-020600e.cha   29   2  6.8965517 46.113194
Litlhare child 7504 44.05 27.41 16273 Litlhare-021000ab.cha  983 808 82.1973550 46.113194
Litlhare investigator 2754 16.51 18.91 16273 Litlhare-020200cd.cha  556 142 25.5395683 16.923739
Litlhare investigator 2754 16.51 18.91 16273 Litlhare-020200ab.cha  703  30  4.2674253 16.923739
Litlhare investigator 2754 16.51 18.91 16273 Litlhare-020100ef.cha  867  72  8.3044983 16.923739
Litlhare investigator 2754 16.51 18.91 16273 Litlhare-020800ab.cha  595 127 21.3445378 16.923739
Litlhare investigator 2754 16.51 18.91 16273 Litlhare-020500ef.cha  361  48 13.2963989 16.923739
Litlhare investigator 2754 16.51 18.91 16273 Litlhare-020400cd.cha  634  97 15.2996845 16.923739
Litlhare investigator 2754 16.51 18.91 16273 Litlhare-020900cd.cha  864 789 91.3194444 16.923739
Litlhare investigator 2754 16.51 18.91 16273 Litlhare-020100ab.cha 1110 124 11.1711712 16.923739
Litlhare investigator 2754 16.51 18.91 16273 Litlhare-030000ab.cha  494  51 10.3238866 16.923739
Litlhare investigator 2754 16.51 18.91 16273 Litlhare-021000ab.cha  983 163 16.5818922 16.923739
Litlhare investigator 2754 16.51 18.91 16273 Litlhare-021000cd.cha  557 138 24.7755835 16.923739
Litlhare investigator 2754 16.51 18.91 16273 Litlhare-020600cd.cha  612  14  2.2875817 16.923739
Litlhare investigator 2754 16.51 18.91 16273 Litlhare-030200ab.cha  989  93  9.4034378 16.923739
Litlhare investigator 2754 16.51 18.91 16273 Litlhare-030000cd.cha  734  46  6.2670300 16.923739
Litlhare investigator 2754 16.51 18.91 16273 Litlhare-020400ab.cha 1083 147 13.5734072 16.923739
Litlhare investigator 2754 16.51 18.91 16273 Litlhare-020500cd.cha  581  71 12.2203098 16.923739
Litlhare investigator 2754 16.51 18.91 16273 Litlhare-020900ab.cha  965 231 23.9378238 16.923739
Litlhare investigator 2754 16.51 18.91 16273 Litlhare-020800cd.cha  628 223 35.5095541 16.923739
Litlhare investigator 2754 16.51 18.91 16273 Litlhare-020500ab.cha  514   5  0.9727626 16.923739
Litlhare investigator 2754 16.51 18.91 16273 Litlhare-030200cd.cha  928  47  5.0646552 16.923739
Litlhare investigator 2754 16.51 18.91 16273 Litlhare-020100cd.cha  833  89 10.6842737 16.923739
Litlhare investigator 2754 16.51 18.91 16273 Litlhare-020600ab.cha  653   7  1.0719755 16.923739
Litlhare mother 5635 45.59 27.13 16273 Litlhare-020400cd.cha  634 180 28.3911672 34.627911
Litlhare mother 5635 45.59 27.13 16273 Litlhare-020100ef.cha  867 181 20.8765859 34.627911
Litlhare mother 5635 45.59 27.13 16273 Litlhare-030200ab.cha  989 442 44.6916077 34.627911
Litlhare mother 5635 45.59 27.13 16273 Litlhare-020500ef.cha  361 259 71.7451524 34.627911
Litlhare mother 5635 45.59 27.13 16273 Litlhare-030200cd.cha  928 366 39.4396552 34.627911
Litlhare mother 5635 45.59 27.13 16273 Litlhare-020600ab.cha  653 616 94.3338438 34.627911
Litlhare mother 5635 45.59 27.13 16273 Litlhare-030000cd.cha  734 352 47.9564033 34.627911
Litlhare mother 5635 45.59 27.13 16273 Litlhare-030000ab.cha  494 265 53.6437247 34.627911
Litlhare mother 5635 45.59 27.13 16273 Litlhare-020100cd.cha  833 577 69.2677071 34.627911
Litlhare mother 5635 45.59 27.13 16273 Litlhare-020600e.cha   29  27 93.1034483 34.627911
Litlhare mother 5635 45.59 27.13 16273 Litlhare-020200ab.cha  703 467 66.4295875 34.627911
Litlhare mother 5635 45.59 27.13 16273 Litlhare-020900cd.cha  864  43  4.9768519 34.627911
Litlhare mother 5635 45.59 27.13 16273 Litlhare-020600cd.cha  612 375 61.2745098 34.627911
Litlhare mother 5635 45.59 27.13 16273 Litlhare-020100ab.cha 1110 321 28.9189189 34.627911
Litlhare mother 5635 45.59 27.13 16273 Litlhare-020800ab.cha  595   8  1.3445378 34.627911
Litlhare mother 5635 45.59 27.13 16273 Litlhare-020400ab.cha 1083 526 48.5687904 34.627911
Litlhare mother 5635 45.59 27.13 16273 Litlhare-020500cd.cha  581  44  7.5731497 34.627911
Litlhare mother 5635 45.59 27.13 16273 Litlhare-020900ab.cha  965 284 29.4300518 34.627911
Litlhare mother 5635 45.59 27.13 16273 Litlhare-020200cd.cha  556 302 54.3165468 34.627911
Neuoe adult 1558 12.64 18.24 14455 Neuoe-031000cd.cha 1162 366 31.4974182 10.778277
Neuoe adult 1558 12.64 18.24 14455 Neuoe-030800ab.cha  362 207 57.1823204 10.778277
Neuoe adult 1558 12.64 18.24 14455 Neuoe-040700e.cha  178   8  4.4943820 10.778277
Neuoe adult 1558 12.64 18.24 14455 Neuoe-040700cd.cha  384  11  2.8645833 10.778277
Neuoe adult 1558 12.64 18.24 14455 Neuoe-030800ef.cha  340  21  6.1764706 10.778277
Neuoe adult 1558 12.64 18.24 14455 Neuoe-031000ab.cha 1197   3  0.2506266 10.778277
Neuoe adult 1558 12.64 18.24 14455 Neuoe-040100ab.cha 1117  10  0.8952551 10.778277
Neuoe adult 1558 12.64 18.24 14455 Neuoe-040500cd.cha  907  57  6.2844542 10.778277
Neuoe adult 1558 12.64 18.24 14455 Neuoe-040300ab.cha 1124 138 12.2775801 10.778277
Neuoe adult 1558 12.64 18.24 14455 Neuoe-030900b.cha  164   7  4.2682927 10.778277
Neuoe adult 1558 12.64 18.24 14455 Neuoe-040700ab.cha  395  14  3.5443038 10.778277
Neuoe adult 1558 12.64 18.24 14455 Neuoe-040300cd.cha  695 318 45.7553957 10.778277
Neuoe adult 1558 12.64 18.24 14455 Neuoe-040000ab.cha 1185  31  2.6160338 10.778277
Neuoe adult 1558 12.64 18.24 14455 Neuoe-040500ab.cha  547  18  3.2906764 10.778277
Neuoe adult 1558 12.64 18.24 14455 Neuoe-040100cd.cha  816   2  0.2450980 10.778277
Neuoe adult 1558 12.64 18.24 14455 Neuoe-031000e.cha  653 315 48.2388974 10.778277
Neuoe adult 1558 12.64 18.24 14455 Neuoe-040300f.cha  192   5  2.6041667 10.778277
Neuoe adult 1558 12.64 18.24 14455 Neuoe-030800cd.cha  516  19  3.6821705 10.778277
Neuoe adult 1558 12.64 18.24 14455 Neuoe-040500e.cha  203   8  3.9408867 10.778277
Neuoe child 8707 58.97 13.68 14455 Neuoe-040700e.cha  178  98 55.0561798 60.235213
Neuoe child 8707 58.97 13.68 14455 Neuoe-031000ab.cha 1197 720 60.1503759 60.235213
Neuoe child 8707 58.97 13.68 14455 Neuoe-030900a.cha  451 387 85.8093126 60.235213
Neuoe child 8707 58.97 13.68 14455 Neuoe-040500cd.cha  907 627 69.1289967 60.235213
Neuoe child 8707 58.97 13.68 14455 Neuoe-031000e.cha  653 330 50.5359877 60.235213
Neuoe child 8707 58.97 13.68 14455 Neuoe-040000ab.cha 1185 937 79.0717300 60.235213
Neuoe child 8707 58.97 13.68 14455 Neuoe-040700ab.cha  395 188 47.5949367 60.235213
Neuoe child 8707 58.97 13.68 14455 Neuoe-030900b.cha  164  84 51.2195122 60.235213
Neuoe child 8707 58.97 13.68 14455 Neuoe-031000cd.cha 1162 567 48.7951807 60.235213
Neuoe child 8707 58.97 13.68 14455 Neuoe-040700cd.cha  384 231 60.1562500 60.235213
Neuoe child 8707 58.97 13.68 14455 Neuoe-040100cd.cha  816 504 61.7647059 60.235213
Neuoe child 8707 58.97 13.68 14455 Neuoe-040100ef.cha  677 506 74.7415066 60.235213
Neuoe child 8707 58.97 13.68 14455 Neuoe-030800ef.cha  340 222 65.2941176 60.235213
Neuoe child 8707 58.97 13.68 14455 Neuoe-040000cd.cha 1003 749 74.6759721 60.235213
Neuoe child 8707 58.97 13.68 14455 Neuoe-040500e.cha  203 138 67.9802956 60.235213
Neuoe child 8707 58.97 13.68 14455 Neuoe-040100ab.cha 1117 455 40.7341092 60.235213
Neuoe child 8707 58.97 13.68 14455 Neuoe-030800ab.cha  362 118 32.5966851 60.235213
Neuoe child 8707 58.97 13.68 14455 Neuoe-040300cd.cha  695 348 50.0719424 60.235213
Neuoe child 8707 58.97 13.68 14455 Neuoe-040300f.cha  192 107 55.7291667 60.235213
Neuoe child 8707 58.97 13.68 14455 Neuoe-040300e.cha  187  66 35.2941176 60.235213
Neuoe child 8707 58.97 13.68 14455 Neuoe-030800cd.cha  516 362 70.1550388 60.235213
Neuoe child 8707 58.97 13.68 14455 Neuoe-040500ab.cha  547 362 66.1791590 60.235213
Neuoe child 8707 58.97 13.68 14455 Neuoe-040300ab.cha 1124 601 53.4697509 60.235213
Neuoe investigator 1278  9.12  6.24 14455 Neuoe-030800ab.cha  362  16  4.4198895  8.841231
Neuoe investigator 1278  9.12  6.24 14455 Neuoe-040700cd.cha  384  64 16.6666667  8.841231
Neuoe investigator 1278  9.12  6.24 14455 Neuoe-030900a.cha  451  12  2.6607539  8.841231
Neuoe investigator 1278  9.12  6.24 14455 Neuoe-040100ef.cha  677  93 13.7370753  8.841231
Neuoe investigator 1278  9.12  6.24 14455 Neuoe-040500e.cha  203  53 26.1083744  8.841231
Neuoe investigator 1278  9.12  6.24 14455 Neuoe-040500ab.cha  547  77 14.0767824  8.841231
Neuoe investigator 1278  9.12  6.24 14455 Neuoe-040300cd.cha  695  29  4.1726619  8.841231
Neuoe investigator 1278  9.12  6.24 14455 Neuoe-030800cd.cha  516  50  9.6899225  8.841231
Neuoe investigator 1278  9.12  6.24 14455 Neuoe-040100cd.cha  816 149 18.2598039  8.841231
Neuoe investigator 1278  9.12  6.24 14455 Neuoe-040000cd.cha 1003  41  4.0877368  8.841231
Neuoe investigator 1278  9.12  6.24 14455 Neuoe-040300ab.cha 1124 161 14.3238434  8.841231
Neuoe investigator 1278  9.12  6.24 14455 Neuoe-040700ab.cha  395  37  9.3670886  8.841231
Neuoe investigator 1278  9.12  6.24 14455 Neuoe-031000e.cha  653   3  0.4594181  8.841231
Neuoe investigator 1278  9.12  6.24 14455 Neuoe-031000cd.cha 1162  45  3.8726334  8.841231
Neuoe investigator 1278  9.12  6.24 14455 Neuoe-040700e.cha  178  18 10.1123596  8.841231
Neuoe investigator 1278  9.12  6.24 14455 Neuoe-040000ab.cha 1185 119 10.0421941  8.841231
Neuoe investigator 1278  9.12  6.24 14455 Neuoe-040300f.cha  192   8  4.1666667  8.841231
Neuoe investigator 1278  9.12  6.24 14455 Neuoe-030800ef.cha  340  10  2.9411765  8.841231
Neuoe investigator 1278  9.12  6.24 14455 Neuoe-030900b.cha  164  11  6.7073171  8.841231
Neuoe investigator 1278  9.12  6.24 14455 Neuoe-040300e.cha  187  14  7.4866310  8.841231
Neuoe investigator 1278  9.12  6.24 14455 Neuoe-040100ab.cha 1117  55  4.9239033  8.841231
Neuoe investigator 1278  9.12  6.24 14455 Neuoe-040500cd.cha  907 139 15.3252481  8.841231
Neuoe investigator 1278  9.12  6.24 14455 Neuoe-031000ab.cha 1197  74  6.1821220  8.841231
Neuoe mother 2912 22.45 15.48 14455 Neuoe-030900b.cha  164  62 37.8048780 20.145278
Neuoe mother 2912 22.45 15.48 14455 Neuoe-040100ef.cha  677  78 11.5214180 20.145278
Neuoe mother 2912 22.45 15.48 14455 Neuoe-031000ab.cha 1197 400 33.4168755 20.145278
Neuoe mother 2912 22.45 15.48 14455 Neuoe-040300ab.cha 1124 224 19.9288256 20.145278
Neuoe mother 2912 22.45 15.48 14455 Neuoe-031000cd.cha 1162 184 15.8347676 20.145278
Neuoe mother 2912 22.45 15.48 14455 Neuoe-031000e.cha  653   5  0.7656968 20.145278
Neuoe mother 2912 22.45 15.48 14455 Neuoe-040500cd.cha  907  84  9.2613010 20.145278
Neuoe mother 2912 22.45 15.48 14455 Neuoe-040000ab.cha 1185  98  8.2700422 20.145278
Neuoe mother 2912 22.45 15.48 14455 Neuoe-030800cd.cha  516  85 16.4728682 20.145278
Neuoe mother 2912 22.45 15.48 14455 Neuoe-040500e.cha  203   4  1.9704433 20.145278
Neuoe mother 2912 22.45 15.48 14455 Neuoe-040300f.cha  192  72 37.5000000 20.145278
Neuoe mother 2912 22.45 15.48 14455 Neuoe-030800ef.cha  340  87 25.5882353 20.145278
Neuoe mother 2912 22.45 15.48 14455 Neuoe-040000cd.cha 1003 213 21.2362911 20.145278
Neuoe mother 2912 22.45 15.48 14455 Neuoe-040700ab.cha  395 156 39.4936709 20.145278
Neuoe mother 2912 22.45 15.48 14455 Neuoe-040500ab.cha  547  90 16.4533821 20.145278
Neuoe mother 2912 22.45 15.48 14455 Neuoe-030900a.cha  451  52 11.5299335 20.145278
Neuoe mother 2912 22.45 15.48 14455 Neuoe-040100ab.cha 1117 597 53.4467323 20.145278
Neuoe mother 2912 22.45 15.48 14455 Neuoe-040700cd.cha  384  78 20.3125000 20.145278
Neuoe mother 2912 22.45 15.48 14455 Neuoe-030800ab.cha  362  21  5.8011050 20.145278
Neuoe mother 2912 22.45 15.48 14455 Neuoe-040300e.cha  187 107 57.2192513 20.145278
Neuoe mother 2912 22.45 15.48 14455 Neuoe-040100cd.cha  816 161 19.7303922 20.145278
Neuoe mother 2912 22.45 15.48 14455 Neuoe-040700e.cha  178  54 30.3370787 20.145278
