keychild register sumperRegisterChild averagepersession.1 averagepersession.2 largetotalperchild session total nb_utt percentageperSessionRegisterChild percentageperRegisterChild
Hlobohang ADS   428  3.35  2.65 12841 Hlobohang-020100ab.cha  514   31  6.03112840  3.3330737
Hlobohang ADS   428  3.35  2.65 12841 Hlobohang-020400cd.cha  771   27  3.50194553  3.3330737
Hlobohang ADS   428  3.35  2.65 12841 Hlobohang-021100ab.cha  323    1  0.30959752  3.3330737
Hlobohang ADS   428  3.35  2.65 12841 Hlobohang-021100cd.cha  619    9  1.45395800  3.3330737
Hlobohang ADS   428  3.35  2.65 12841 Hlobohang-020100cd.cha  624    8  1.28205128  3.3330737
Hlobohang ADS   428  3.35  2.65 12841 Hlobohang-020200cd.cha  889   44  4.94938133  3.3330737
Hlobohang ADS   428  3.35  2.65 12841 Hlobohang-020400ab.cha  809   16  1.97775031  3.3330737
Hlobohang ADS   428  3.35  2.65 12841 Hlobohang-030000ab.cha  386    9  2.33160622  3.3330737
Hlobohang ADS   428  3.35  2.65 12841 Hlobohang-020100ef.cha  524   63 12.02290076  3.3330737
Hlobohang ADS   428  3.35  2.65 12841 Hlobohang-020800cd.cha  512   20  3.90625000  3.3330737
Hlobohang ADS   428  3.35  2.65 12841 Hlobohang-020600ab.cha  466    8  1.71673820  3.3330737
Hlobohang ADS   428  3.35  2.65 12841 Hlobohang-030000cd.cha  384   12  3.12500000  3.3330737
Hlobohang ADS   428  3.35  2.65 12841 Hlobohang-020200ab.cha 1074   26  2.42085661  3.3330737
Hlobohang ADS   428  3.35  2.65 12841 Hlobohang-020500ab.cha  665   19  2.85714286  3.3330737
Hlobohang ADS   428  3.35  2.65 12841 Hlobohang-020700cd.cha  680   26  3.82352941  3.3330737
Hlobohang ADS   428  3.35  2.65 12841 Hlobohang-020800ab.cha  565    6  1.06194690  3.3330737
Hlobohang ADS   428  3.35  2.65 12841 Hlobohang-020500cd.cha 1009   26  2.57680872  3.3330737
Hlobohang ADS   428  3.35  2.65 12841 Hlobohang-020600cd.cha  417   13  3.11750600  3.3330737
Hlobohang ADS   428  3.35  2.65 12841 Hlobohang-020900cd.cha  439   23  5.23917995  3.3330737
Hlobohang ADS   428  3.35  2.65 12841 Hlobohang-020800ef.cha  334    6  1.79640719  3.3330737
Hlobohang ADS   428  3.35  2.65 12841 Hlobohang-020700ab.cha  432   33  7.63888889  3.3330737
Hlobohang ADS   428  3.35  2.65 12841 Hlobohang-020900ab.cha  316    2  0.63291139  3.3330737
Hlobohang CDS 11293 87.05  7.79 12841 Hlobohang-020600cd.cha  417  356 85.37170264 87.9448641
Hlobohang CDS 11293 87.05  7.79 12841 Hlobohang-030000ab.cha  386  366 94.81865285 87.9448641
Hlobohang CDS 11293 87.05  7.79 12841 Hlobohang-020700cd.cha  680  612 90.00000000 87.9448641
Hlobohang CDS 11293 87.05  7.79 12841 Hlobohang-020100cd.cha  624  568 91.02564103 87.9448641
Hlobohang CDS 11293 87.05  7.79 12841 Hlobohang-020600ab.cha  466  422 90.55793991 87.9448641
Hlobohang CDS 11293 87.05  7.79 12841 Hlobohang-020400ab.cha  809  701 86.65018541 87.9448641
Hlobohang CDS 11293 87.05  7.79 12841 Hlobohang-020200cd.cha  889  782 87.96400450 87.9448641
Hlobohang CDS 11293 87.05  7.79 12841 Hlobohang-020400cd.cha  771  666 86.38132296 87.9448641
Hlobohang CDS 11293 87.05  7.79 12841 Hlobohang-020800ef.cha  334  319 95.50898204 87.9448641
Hlobohang CDS 11293 87.05  7.79 12841 Hlobohang-020100ef.cha  524  346 66.03053435 87.9448641
Hlobohang CDS 11293 87.05  7.79 12841 Hlobohang-020500ab.cha  665  540 81.20300752 87.9448641
Hlobohang CDS 11293 87.05  7.79 12841 Hlobohang-020800cd.cha  512  470 91.79687500 87.9448641
Hlobohang CDS 11293 87.05  7.79 12841 Hlobohang-020500cd.cha 1009  933 92.46778989 87.9448641
Hlobohang CDS 11293 87.05  7.79 12841 Hlobohang-020900ab.cha  316  286 90.50632911 87.9448641
Hlobohang CDS 11293 87.05  7.79 12841 Hlobohang-020700ab.cha  432  353 81.71296296 87.9448641
Hlobohang CDS 11293 87.05  7.79 12841 Hlobohang-020800ab.cha  565  470 83.18584071 87.9448641
Hlobohang CDS 11293 87.05  7.79 12841 Hlobohang-021100cd.cha  619  576 93.05331179 87.9448641
Hlobohang CDS 11293 87.05  7.79 12841 Hlobohang-020900cd.cha  439  374 85.19362187 87.9448641
Hlobohang CDS 11293 87.05  7.79 12841 Hlobohang-020900e.cha   89   59 66.29213483 87.9448641
Hlobohang CDS 11293 87.05  7.79 12841 Hlobohang-020200ab.cha 1074 1009 93.94785847 87.9448641
Hlobohang CDS 11293 87.05  7.79 12841 Hlobohang-020100ab.cha  514  433 84.24124514 87.9448641
Hlobohang CDS 11293 87.05  7.79 12841 Hlobohang-030000cd.cha  384  358 93.22916667 87.9448641
Hlobohang CDS 11293 87.05  7.79 12841 Hlobohang-021100ab.cha  323  294 91.02167183 87.9448641
Hlobohang Investigator   201  1.83  1.69 12841 Hlobohang-020200ab.cha 1074   14  1.30353818  1.5652987
Hlobohang Investigator   201  1.83  1.69 12841 Hlobohang-030000ab.cha  386    4  1.03626943  1.5652987
Hlobohang Investigator   201  1.83  1.69 12841 Hlobohang-020600cd.cha  417    3  0.71942446  1.5652987
Hlobohang Investigator   201  1.83  1.69 12841 Hlobohang-020400ab.cha  809   13  1.60692213  1.5652987
Hlobohang Investigator   201  1.83  1.69 12841 Hlobohang-030000cd.cha  384    4  1.04166667  1.5652987
Hlobohang Investigator   201  1.83  1.69 12841 Hlobohang-020500ab.cha  665    1  0.15037594  1.5652987
Hlobohang Investigator   201  1.83  1.69 12841 Hlobohang-020100ab.cha  514   24  4.66926070  1.5652987
Hlobohang Investigator   201  1.83  1.69 12841 Hlobohang-020900e.cha   89    4  4.49438202  1.5652987
Hlobohang Investigator   201  1.83  1.69 12841 Hlobohang-020200cd.cha  889    6  0.67491564  1.5652987
Hlobohang Investigator   201  1.83  1.69 12841 Hlobohang-020800cd.cha  512    8  1.56250000  1.5652987
Hlobohang Investigator   201  1.83  1.69 12841 Hlobohang-020100cd.cha  624    5  0.80128205  1.5652987
Hlobohang Investigator   201  1.83  1.69 12841 Hlobohang-020900ab.cha  316   17  5.37974684  1.5652987
Hlobohang Investigator   201  1.83  1.69 12841 Hlobohang-021100cd.cha  619    6  0.96930533  1.5652987
Hlobohang Investigator   201  1.83  1.69 12841 Hlobohang-020700ab.cha  432   11  2.54629630  1.5652987
Hlobohang Investigator   201  1.83  1.69 12841 Hlobohang-020900cd.cha  439   10  2.27790433  1.5652987
Hlobohang Investigator   201  1.83  1.69 12841 Hlobohang-020700cd.cha  680    8  1.17647059  1.5652987
Hlobohang Investigator   201  1.83  1.69 12841 Hlobohang-021100ab.cha  323    3  0.92879257  1.5652987
Hlobohang Investigator   201  1.83  1.69 12841 Hlobohang-020800ef.cha  334    2  0.59880240  1.5652987
Hlobohang Investigator   201  1.83  1.69 12841 Hlobohang-020100ef.cha  524   15  2.86259542  1.5652987
Hlobohang Investigator   201  1.83  1.69 12841 Hlobohang-020800ab.cha  565   33  5.84070796  1.5652987
Hlobohang Investigator   201  1.83  1.69 12841 Hlobohang-020400cd.cha  771    5  0.64850843  1.5652987
Hlobohang Investigator   201  1.83  1.69 12841 Hlobohang-020500cd.cha 1009    3  0.29732408  1.5652987
Hlobohang Investigator   201  1.83  1.69 12841 Hlobohang-020600ab.cha  466    2  0.42918455  1.5652987
Hlobohang OCDS   901  7.79  6.32 12841 Hlobohang-020200cd.cha  889   51  5.73678290  7.0165875
Hlobohang OCDS   901  7.79  6.32 12841 Hlobohang-020600cd.cha  417   45 10.79136691  7.0165875
Hlobohang OCDS   901  7.79  6.32 12841 Hlobohang-020400ab.cha  809   79  9.76514215  7.0165875
Hlobohang OCDS   901  7.79  6.32 12841 Hlobohang-020900cd.cha  439   31  7.06150342  7.0165875
Hlobohang OCDS   901  7.79  6.32 12841 Hlobohang-020500ab.cha  665  105 15.78947368  7.0165875
Hlobohang OCDS   901  7.79  6.32 12841 Hlobohang-020100ef.cha  524   99 18.89312977  7.0165875
Hlobohang OCDS   901  7.79  6.32 12841 Hlobohang-020800cd.cha  512   14  2.73437500  7.0165875
Hlobohang OCDS   901  7.79  6.32 12841 Hlobohang-020700cd.cha  680   34  5.00000000  7.0165875
Hlobohang OCDS   901  7.79  6.32 12841 Hlobohang-020900e.cha   89   26 29.21348315  7.0165875
Hlobohang OCDS   901  7.79  6.32 12841 Hlobohang-020500cd.cha 1009   44  4.36075322  7.0165875
Hlobohang OCDS   901  7.79  6.32 12841 Hlobohang-020400cd.cha  771   73  9.46822309  7.0165875
Hlobohang OCDS   901  7.79  6.32 12841 Hlobohang-030000ab.cha  386    7  1.81347150  7.0165875
Hlobohang OCDS   901  7.79  6.32 12841 Hlobohang-021100ab.cha  323   23  7.12074303  7.0165875
Hlobohang OCDS   901  7.79  6.32 12841 Hlobohang-020100cd.cha  624   43  6.89102564  7.0165875
Hlobohang OCDS   901  7.79  6.32 12841 Hlobohang-020800ab.cha  565   54  9.55752212  7.0165875
Hlobohang OCDS   901  7.79  6.32 12841 Hlobohang-020600ab.cha  466   34  7.29613734  7.0165875
Hlobohang OCDS   901  7.79  6.32 12841 Hlobohang-020700ab.cha  432   33  7.63888889  7.0165875
Hlobohang OCDS   901  7.79  6.32 12841 Hlobohang-021100cd.cha  619   28  4.52342488  7.0165875
Hlobohang OCDS   901  7.79  6.32 12841 Hlobohang-020200ab.cha 1074   24  2.23463687  7.0165875
Hlobohang OCDS   901  7.79  6.32 12841 Hlobohang-020100ab.cha  514   26  5.05836576  7.0165875
Hlobohang OCDS   901  7.79  6.32 12841 Hlobohang-030000cd.cha  384   10  2.60416667  7.0165875
Hlobohang OCDS   901  7.79  6.32 12841 Hlobohang-020900ab.cha  316   11  3.48101266  7.0165875
Hlobohang OCDS   901  7.79  6.32 12841 Hlobohang-020800ef.cha  334    7  2.09580838  7.0165875
Hlobohang unclassified    18  0.37  0.21 12841 Hlobohang-020500cd.cha 1009    3  0.29732408  0.1401760
Hlobohang unclassified    18  0.37  0.21 12841 Hlobohang-020100ef.cha  524    1  0.19083969  0.1401760
Hlobohang unclassified    18  0.37  0.21 12841 Hlobohang-020800ab.cha  565    2  0.35398230  0.1401760
Hlobohang unclassified    18  0.37  0.21 12841 Hlobohang-020200ab.cha 1074    1  0.09310987  0.1401760
Hlobohang unclassified    18  0.37  0.21 12841 Hlobohang-020700ab.cha  432    2  0.46296296  0.1401760
Hlobohang unclassified    18  0.37  0.21 12841 Hlobohang-020200cd.cha  889    6  0.67491564  0.1401760
Hlobohang unclassified    18  0.37  0.21 12841 Hlobohang-021100ab.cha  323    2  0.61919505  0.1401760
Hlobohang unclassified    18  0.37  0.21 12841 Hlobohang-020900cd.cha  439    1  0.22779043  0.1401760
Litlhare ADS   464  3.03  2.62 15577 Litlhare-030200cd.cha  863   24  2.78099652  2.9787507
Litlhare ADS   464  3.03  2.62 15577 Litlhare-020800ab.cha  559    2  0.35778175  2.9787507
Litlhare ADS   464  3.03  2.62 15577 Litlhare-020100ef.cha  850   24  2.82352941  2.9787507
Litlhare ADS   464  3.03  2.62 15577 Litlhare-020500ab.cha  505    2  0.39603960  2.9787507
Litlhare ADS   464  3.03  2.62 15577 Litlhare-020400ab.cha 1060   51  4.81132075  2.9787507
Litlhare ADS   464  3.03  2.62 15577 Litlhare-020100ab.cha 1047   85  8.11843362  2.9787507
Litlhare ADS   464  3.03  2.62 15577 Litlhare-020500cd.cha  562   30  5.33807829  2.9787507
Litlhare ADS   464  3.03  2.62 15577 Litlhare-020900ab.cha  858   21  2.44755245  2.9787507
Litlhare ADS   464  3.03  2.62 15577 Litlhare-030000ab.cha  487    8  1.64271047  2.9787507
Litlhare ADS   464  3.03  2.62 15577 Litlhare-020500ef.cha  359    3  0.83565460  2.9787507
Litlhare ADS   464  3.03  2.62 15577 Litlhare-020900cd.cha  854    4  0.46838407  2.9787507
Litlhare ADS   464  3.03  2.62 15577 Litlhare-020400cd.cha  606   23  3.79537954  2.9787507
Litlhare ADS   464  3.03  2.62 15577 Litlhare-030000cd.cha  717   25  3.48675035  2.9787507
Litlhare ADS   464  3.03  2.62 15577 Litlhare-020200cd.cha  550    3  0.54545455  2.9787507
Litlhare ADS   464  3.03  2.62 15577 Litlhare-020600cd.cha  606   19  3.13531353  2.9787507
Litlhare ADS   464  3.03  2.62 15577 Litlhare-020200ab.cha  692   21  3.03468208  2.9787507
Litlhare ADS   464  3.03  2.62 15577 Litlhare-020100cd.cha  819   23  2.80830281  2.9787507
Litlhare ADS   464  3.03  2.62 15577 Litlhare-020600ab.cha  652    5  0.76687117  2.9787507
Litlhare ADS   464  3.03  2.62 15577 Litlhare-030200ab.cha  909   91 10.01100110  2.9787507
Litlhare CDS 14011 90.74  5.69 15577 Litlhare-021000ab.cha  911  868 95.27991218 89.9467163
Litlhare CDS 14011 90.74  5.69 15577 Litlhare-020900ab.cha  858  771 89.86013986 89.9467163
Litlhare CDS 14011 90.74  5.69 15577 Litlhare-021000cd.cha  504  450 89.28571429 89.9467163
Litlhare CDS 14011 90.74  5.69 15577 Litlhare-020100ab.cha 1047  857 81.85291309 89.9467163
Litlhare CDS 14011 90.74  5.69 15577 Litlhare-030000ab.cha  487  449 92.19712526 89.9467163
Litlhare CDS 14011 90.74  5.69 15577 Litlhare-020500ef.cha  359  354 98.60724234 89.9467163
Litlhare CDS 14011 90.74  5.69 15577 Litlhare-030200ab.cha  909  731 80.41804180 89.9467163
Litlhare CDS 14011 90.74  5.69 15577 Litlhare-030200cd.cha  863  750 86.90614137 89.9467163
Litlhare CDS 14011 90.74  5.69 15577 Litlhare-020600ab.cha  652  646 99.07975460 89.9467163
Litlhare CDS 14011 90.74  5.69 15577 Litlhare-020800cd.cha  580  550 94.82758621 89.9467163
Litlhare CDS 14011 90.74  5.69 15577 Litlhare-020600cd.cha  606  543 89.60396040 89.9467163
Litlhare CDS 14011 90.74  5.69 15577 Litlhare-020400cd.cha  606  523 86.30363036 89.9467163
Litlhare CDS 14011 90.74  5.69 15577 Litlhare-020500ab.cha  505  476 94.25742574 89.9467163
Litlhare CDS 14011 90.74  5.69 15577 Litlhare-030000cd.cha  717  632 88.14504881 89.9467163
Litlhare CDS 14011 90.74  5.69 15577 Litlhare-020100ef.cha  850  730 85.88235294 89.9467163
Litlhare CDS 14011 90.74  5.69 15577 Litlhare-020100cd.cha  819  757 92.42979243 89.9467163
Litlhare CDS 14011 90.74  5.69 15577 Litlhare-020400ab.cha 1060  922 86.98113208 89.9467163
Litlhare CDS 14011 90.74  5.69 15577 Litlhare-020500cd.cha  562  449 79.89323843 89.9467163
Litlhare CDS 14011 90.74  5.69 15577 Litlhare-020800ab.cha  559  499 89.26654741 89.9467163
Litlhare CDS 14011 90.74  5.69 15577 Litlhare-020900cd.cha  854  840 98.36065574 89.9467163
Litlhare CDS 14011 90.74  5.69 15577 Litlhare-020200cd.cha  550  526 95.63636364 89.9467163
Litlhare CDS 14011 90.74  5.69 15577 Litlhare-020600e.cha   27   26 96.29629630 89.9467163
Litlhare CDS 14011 90.74  5.69 15577 Litlhare-020200ab.cha  692  662 95.66473988 89.9467163
Litlhare Investigator   207  1.45  1.27 15577 Litlhare-020800cd.cha  580   19  3.27586207  1.3288823
Litlhare Investigator   207  1.45  1.27 15577 Litlhare-030000cd.cha  717    5  0.69735007  1.3288823
Litlhare Investigator   207  1.45  1.27 15577 Litlhare-020100ef.cha  850   12  1.41176471  1.3288823
Litlhare Investigator   207  1.45  1.27 15577 Litlhare-030200cd.cha  863    6  0.69524913  1.3288823
Litlhare Investigator   207  1.45  1.27 15577 Litlhare-020200ab.cha  692    1  0.14450867  1.3288823
Litlhare Investigator   207  1.45  1.27 15577 Litlhare-020600cd.cha  606    1  0.16501650  1.3288823
Litlhare Investigator   207  1.45  1.27 15577 Litlhare-020200cd.cha  550    3  0.54545455  1.3288823
Litlhare Investigator   207  1.45  1.27 15577 Litlhare-020900ab.cha  858   18  2.09790210  1.3288823
Litlhare Investigator   207  1.45  1.27 15577 Litlhare-021000ab.cha  911    9  0.98792536  1.3288823
Litlhare Investigator   207  1.45  1.27 15577 Litlhare-020400cd.cha  606    9  1.48514851  1.3288823
Litlhare Investigator   207  1.45  1.27 15577 Litlhare-030000ab.cha  487    2  0.41067762  1.3288823
Litlhare Investigator   207  1.45  1.27 15577 Litlhare-021000cd.cha  504   14  2.77777778  1.3288823
Litlhare Investigator   207  1.45  1.27 15577 Litlhare-020500cd.cha  562   12  2.13523132  1.3288823
Litlhare Investigator   207  1.45  1.27 15577 Litlhare-030200ab.cha  909   29  3.19031903  1.3288823
Litlhare Investigator   207  1.45  1.27 15577 Litlhare-020100cd.cha  819    2  0.24420024  1.3288823
Litlhare Investigator   207  1.45  1.27 15577 Litlhare-020800ab.cha  559   27  4.83005367  1.3288823
Litlhare Investigator   207  1.45  1.27 15577 Litlhare-020400ab.cha 1060   14  1.32075472  1.3288823
Litlhare Investigator   207  1.45  1.27 15577 Litlhare-020900cd.cha  854    5  0.58548009  1.3288823
Litlhare Investigator   207  1.45  1.27 15577 Litlhare-020500ef.cha  359    1  0.27855153  1.3288823
Litlhare Investigator   207  1.45  1.27 15577 Litlhare-020100ab.cha 1047   18  1.71919771  1.3288823
Litlhare OCDS   804  5.52  2.69 15577 Litlhare-020200cd.cha  550   17  3.09090909  5.1614560
Litlhare OCDS   804  5.52  2.69 15577 Litlhare-020200ab.cha  692    7  1.01156069  5.1614560
Litlhare OCDS   804  5.52  2.69 15577 Litlhare-030200cd.cha  863   76  8.80648899  5.1614560
Litlhare OCDS   804  5.52  2.69 15577 Litlhare-030200ab.cha  909   55  6.05060506  5.1614560
Litlhare OCDS   804  5.52  2.69 15577 Litlhare-021000ab.cha  911   25  2.74423710  5.1614560
Litlhare OCDS   804  5.52  2.69 15577 Litlhare-020400ab.cha 1060   69  6.50943396  5.1614560
Litlhare OCDS   804  5.52  2.69 15577 Litlhare-020100ef.cha  850   81  9.52941176  5.1614560
Litlhare OCDS   804  5.52  2.69 15577 Litlhare-020600cd.cha  606   41  6.76567657  5.1614560
Litlhare OCDS   804  5.52  2.69 15577 Litlhare-020100ab.cha 1047   73  6.97230181  5.1614560
Litlhare OCDS   804  5.52  2.69 15577 Litlhare-020800ab.cha  559   29  5.18783542  5.1614560
Litlhare OCDS   804  5.52  2.69 15577 Litlhare-020900ab.cha  858   45  5.24475524  5.1614560
Litlhare OCDS   804  5.52  2.69 15577 Litlhare-020900cd.cha  854    4  0.46838407  5.1614560
Litlhare OCDS   804  5.52  2.69 15577 Litlhare-020500cd.cha  562   51  9.07473310  5.1614560
Litlhare OCDS   804  5.52  2.69 15577 Litlhare-020800cd.cha  580   11  1.89655172  5.1614560
Litlhare OCDS   804  5.52  2.69 15577 Litlhare-030000ab.cha  487   28  5.74948665  5.1614560
Litlhare OCDS   804  5.52  2.69 15577 Litlhare-020500ab.cha  505   23  4.55445545  5.1614560
Litlhare OCDS   804  5.52  2.69 15577 Litlhare-020400cd.cha  606   48  7.92079208  5.1614560
Litlhare OCDS   804  5.52  2.69 15577 Litlhare-021000cd.cha  504   40  7.93650794  5.1614560
Litlhare OCDS   804  5.52  2.69 15577 Litlhare-020100cd.cha  819   28  3.41880342  5.1614560
Litlhare OCDS   804  5.52  2.69 15577 Litlhare-030000cd.cha  717   53  7.39191074  5.1614560
Litlhare unclassified    91  0.80  1.03 15577 Litlhare-020900ab.cha  858    3  0.34965035  0.5841946
Litlhare unclassified    91  0.80  1.03 15577 Litlhare-020100ab.cha 1047   14  1.33715377  0.5841946
Litlhare unclassified    91  0.80  1.03 15577 Litlhare-030200ab.cha  909    3  0.33003300  0.5841946
Litlhare unclassified    91  0.80  1.03 15577 Litlhare-020600e.cha   27    1  3.70370370  0.5841946
Litlhare unclassified    91  0.80  1.03 15577 Litlhare-020500ab.cha  505    4  0.79207921  0.5841946
Litlhare unclassified    91  0.80  1.03 15577 Litlhare-021000ab.cha  911    9  0.98792536  0.5841946
Litlhare unclassified    91  0.80  1.03 15577 Litlhare-020600ab.cha  652    1  0.15337423  0.5841946
Litlhare unclassified    91  0.80  1.03 15577 Litlhare-020500ef.cha  359    1  0.27855153  0.5841946
Litlhare unclassified    91  0.80  1.03 15577 Litlhare-020900cd.cha  854    1  0.11709602  0.5841946
Litlhare unclassified    91  0.80  1.03 15577 Litlhare-020200cd.cha  550    1  0.18181818  0.5841946
Litlhare unclassified    91  0.80  1.03 15577 Litlhare-020600cd.cha  606    2  0.33003300  0.5841946
Litlhare unclassified    91  0.80  1.03 15577 Litlhare-030200cd.cha  863    7  0.81112399  0.5841946
Litlhare unclassified    91  0.80  1.03 15577 Litlhare-020400cd.cha  606    3  0.49504950  0.5841946
Litlhare unclassified    91  0.80  1.03 15577 Litlhare-020800ab.cha  559    2  0.35778175  0.5841946
Litlhare unclassified    91  0.80  1.03 15577 Litlhare-020100cd.cha  819    9  1.09890110  0.5841946
Litlhare unclassified    91  0.80  1.03 15577 Litlhare-030000cd.cha  717    2  0.27894003  0.5841946
Litlhare unclassified    91  0.80  1.03 15577 Litlhare-020400ab.cha 1060    4  0.37735849  0.5841946
Litlhare unclassified    91  0.80  1.03 15577 Litlhare-020500cd.cha  562   20  3.55871886  0.5841946
Litlhare unclassified    91  0.80  1.03 15577 Litlhare-020100ef.cha  850    3  0.35294118  0.5841946
Litlhare unclassified    91  0.80  1.03 15577 Litlhare-020200ab.cha  692    1  0.14450867  0.5841946
Neuoe ADS  2455 17.27 12.15 13056 Neuoe-030900b.cha  154   57 37.01298701 18.8036152
Neuoe ADS  2455 17.27 12.15 13056 Neuoe-040300f.cha  164   52 31.70731707 18.8036152
Neuoe ADS  2455 17.27 12.15 13056 Neuoe-040500e.cha  176   10  5.68181818 18.8036152
Neuoe ADS  2455 17.27 12.15 13056 Neuoe-030900a.cha  415   16  3.85542169 18.8036152
Neuoe ADS  2455 17.27 12.15 13056 Neuoe-040000cd.cha  936  159 16.98717949 18.8036152
Neuoe ADS  2455 17.27 12.15 13056 Neuoe-040700e.cha  163   18 11.04294479 18.8036152
Neuoe ADS  2455 17.27 12.15 13056 Neuoe-030800ef.cha  310   74 23.87096774 18.8036152
Neuoe ADS  2455 17.27 12.15 13056 Neuoe-031000ab.cha 1128  580 51.41843972 18.8036152
Neuoe ADS  2455 17.27 12.15 13056 Neuoe-040000ab.cha 1050   61  5.80952381 18.8036152
Neuoe ADS  2455 17.27 12.15 13056 Neuoe-040500cd.cha  774   82 10.59431525 18.8036152
Neuoe ADS  2455 17.27 12.15 13056 Neuoe-040100cd.cha  795  116 14.59119497 18.8036152
Neuoe ADS  2455 17.27 12.15 13056 Neuoe-040300ab.cha  998  143 14.32865731 18.8036152
Neuoe ADS  2455 17.27 12.15 13056 Neuoe-031000e.cha  592   59  9.96621622 18.8036152
Neuoe ADS  2455 17.27 12.15 13056 Neuoe-040500ab.cha  500   44  8.80000000 18.8036152
Neuoe ADS  2455 17.27 12.15 13056 Neuoe-040700ab.cha  295   42 14.23728814 18.8036152
Neuoe ADS  2455 17.27 12.15 13056 Neuoe-040300cd.cha  608   65 10.69078947 18.8036152
Neuoe ADS  2455 17.27 12.15 13056 Neuoe-040700cd.cha  307   21  6.84039088 18.8036152
Neuoe ADS  2455 17.27 12.15 13056 Neuoe-030800cd.cha  457   68 14.87964989 18.8036152
Neuoe ADS  2455 17.27 12.15 13056 Neuoe-040100ef.cha  630   30  4.76190476 18.8036152
Neuoe ADS  2455 17.27 12.15 13056 Neuoe-040300e.cha  182   33 18.13186813 18.8036152
Neuoe ADS  2455 17.27 12.15 13056 Neuoe-030800ab.cha  313   60 19.16932907 18.8036152
Neuoe ADS  2455 17.27 12.15 13056 Neuoe-040100ab.cha 1027  274 26.67964946 18.8036152
Neuoe ADS  2455 17.27 12.15 13056 Neuoe-031000cd.cha 1082  391 36.13678373 18.8036152
Neuoe CDS  3000 25.89 12.74 13056 Neuoe-031000e.cha  592  342 57.77027027 22.9779412
Neuoe CDS  3000 25.89 12.74 13056 Neuoe-030900a.cha  415   74 17.83132530 22.9779412
Neuoe CDS  3000 25.89 12.74 13056 Neuoe-040500ab.cha  500  234 46.80000000 22.9779412
Neuoe CDS  3000 25.89 12.74 13056 Neuoe-040700e.cha  163   40 24.53987730 22.9779412
Neuoe CDS  3000 25.89 12.74 13056 Neuoe-040700ab.cha  295   80 27.11864407 22.9779412
Neuoe CDS  3000 25.89 12.74 13056 Neuoe-030800cd.cha  457   41  8.97155361 22.9779412
Neuoe CDS  3000 25.89 12.74 13056 Neuoe-040300f.cha  164   34 20.73170732 22.9779412
Neuoe CDS  3000 25.89 12.74 13056 Neuoe-040300ab.cha  998  215 21.54308617 22.9779412
Neuoe CDS  3000 25.89 12.74 13056 Neuoe-040000cd.cha  936  289 30.87606838 22.9779412
Neuoe CDS  3000 25.89 12.74 13056 Neuoe-040100ab.cha 1027  322 31.35345667 22.9779412
Neuoe CDS  3000 25.89 12.74 13056 Neuoe-030800ab.cha  313   86 27.47603834 22.9779412
Neuoe CDS  3000 25.89 12.74 13056 Neuoe-030800ef.cha  310   30  9.67741935 22.9779412
Neuoe CDS  3000 25.89 12.74 13056 Neuoe-040500e.cha  176   50 28.40909091 22.9779412
Neuoe CDS  3000 25.89 12.74 13056 Neuoe-040700cd.cha  307   54 17.58957655 22.9779412
Neuoe CDS  3000 25.89 12.74 13056 Neuoe-031000cd.cha 1082  171 15.80406654 22.9779412
Neuoe CDS  3000 25.89 12.74 13056 Neuoe-040100ef.cha  630   54  8.57142857 22.9779412
Neuoe CDS  3000 25.89 12.74 13056 Neuoe-040000ab.cha 1050  209 19.90476190 22.9779412
Neuoe CDS  3000 25.89 12.74 13056 Neuoe-040500cd.cha  774  162 20.93023256 22.9779412
Neuoe CDS  3000 25.89 12.74 13056 Neuoe-040300e.cha  182   80 43.95604396 22.9779412
Neuoe CDS  3000 25.89 12.74 13056 Neuoe-040100cd.cha  795  189 23.77358491 22.9779412
Neuoe CDS  3000 25.89 12.74 13056 Neuoe-040300cd.cha  608  244 40.13157895 22.9779412
Neuoe Investigator  1215  9.91  6.37 13056 Neuoe-030800ef.cha  310   21  6.77419355  9.3060662
Neuoe Investigator  1215  9.91  6.37 13056 Neuoe-040100ef.cha  630  132 20.95238095  9.3060662
Neuoe Investigator  1215  9.91  6.37 13056 Neuoe-031000cd.cha 1082   62  5.73012939  9.3060662
Neuoe Investigator  1215  9.91  6.37 13056 Neuoe-040300ab.cha  998  151 15.13026052  9.3060662
Neuoe Investigator  1215  9.91  6.37 13056 Neuoe-040500e.cha  176   37 21.02272727  9.3060662
Neuoe Investigator  1215  9.91  6.37 13056 Neuoe-030900b.cha  154   19 12.33766234  9.3060662
Neuoe Investigator  1215  9.91  6.37 13056 Neuoe-040000ab.cha 1050  104  9.90476190  9.3060662
Neuoe Investigator  1215  9.91  6.37 13056 Neuoe-040700ab.cha  295   33 11.18644068  9.3060662
Neuoe Investigator  1215  9.91  6.37 13056 Neuoe-040000cd.cha  936   36  3.84615385  9.3060662
Neuoe Investigator  1215  9.91  6.37 13056 Neuoe-040300e.cha  182   14  7.69230769  9.3060662
Neuoe Investigator  1215  9.91  6.37 13056 Neuoe-030800cd.cha  457   35  7.65864333  9.3060662
Neuoe Investigator  1215  9.91  6.37 13056 Neuoe-031000ab.cha 1128   57  5.05319149  9.3060662
Neuoe Investigator  1215  9.91  6.37 13056 Neuoe-040700cd.cha  307   54 17.58957655  9.3060662
Neuoe Investigator  1215  9.91  6.37 13056 Neuoe-030800ab.cha  313   13  4.15335463  9.3060662
Neuoe Investigator  1215  9.91  6.37 13056 Neuoe-040500cd.cha  774  129 16.66666667  9.3060662
Neuoe Investigator  1215  9.91  6.37 13056 Neuoe-040300f.cha  164    8  4.87804878  9.3060662
Neuoe Investigator  1215  9.91  6.37 13056 Neuoe-040700e.cha  163   25 15.33742331  9.3060662
Neuoe Investigator  1215  9.91  6.37 13056 Neuoe-040100cd.cha  795  154 19.37106918  9.3060662
Neuoe Investigator  1215  9.91  6.37 13056 Neuoe-030900a.cha  415    9  2.16867470  9.3060662
Neuoe Investigator  1215  9.91  6.37 13056 Neuoe-040300cd.cha  608   21  3.45394737  9.3060662
Neuoe Investigator  1215  9.91  6.37 13056 Neuoe-040500ab.cha  500   64 12.80000000  9.3060662
Neuoe Investigator  1215  9.91  6.37 13056 Neuoe-031000e.cha  592    9  1.52027027  9.3060662
Neuoe Investigator  1215  9.91  6.37 13056 Neuoe-040100ab.cha 1027   28  2.72638754  9.3060662
Neuoe OCDS  6165 47.52 12.79 13056 Neuoe-040300f.cha  164   68 41.46341463 47.2196691
Neuoe OCDS  6165 47.52 12.79 13056 Neuoe-031000e.cha  592  117 19.76351351 47.2196691
Neuoe OCDS  6165 47.52 12.79 13056 Neuoe-040700cd.cha  307  177 57.65472313 47.2196691
Neuoe OCDS  6165 47.52 12.79 13056 Neuoe-031000ab.cha 1128  462 40.95744681 47.2196691
Neuoe OCDS  6165 47.52 12.79 13056 Neuoe-031000cd.cha 1082  449 41.49722736 47.2196691
Neuoe OCDS  6165 47.52 12.79 13056 Neuoe-030800ab.cha  313  147 46.96485623 47.2196691
Neuoe OCDS  6165 47.52 12.79 13056 Neuoe-030900b.cha  154   78 50.64935065 47.2196691
Neuoe OCDS  6165 47.52 12.79 13056 Neuoe-030800ef.cha  310  184 59.35483871 47.2196691
Neuoe OCDS  6165 47.52 12.79 13056 Neuoe-030800cd.cha  457  311 68.05251641 47.2196691
Neuoe OCDS  6165 47.52 12.79 13056 Neuoe-040300e.cha  182   55 30.21978022 47.2196691
Neuoe OCDS  6165 47.52 12.79 13056 Neuoe-040500cd.cha  774  380 49.09560724 47.2196691
Neuoe OCDS  6165 47.52 12.79 13056 Neuoe-040700e.cha  163   80 49.07975460 47.2196691
Neuoe OCDS  6165 47.52 12.79 13056 Neuoe-040000ab.cha 1050  662 63.04761905 47.2196691
Neuoe OCDS  6165 47.52 12.79 13056 Neuoe-030900a.cha  415  308 74.21686747 47.2196691
Neuoe OCDS  6165 47.52 12.79 13056 Neuoe-040300cd.cha  608  267 43.91447368 47.2196691
Neuoe OCDS  6165 47.52 12.79 13056 Neuoe-040300ab.cha  998  483 48.39679359 47.2196691
Neuoe OCDS  6165 47.52 12.79 13056 Neuoe-040000cd.cha  936  442 47.22222222 47.2196691
Neuoe OCDS  6165 47.52 12.79 13056 Neuoe-040500e.cha  176   79 44.88636364 47.2196691
Neuoe OCDS  6165 47.52 12.79 13056 Neuoe-040100ef.cha  630  412 65.39682540 47.2196691
Neuoe OCDS  6165 47.52 12.79 13056 Neuoe-040700ab.cha  295  115 38.98305085 47.2196691
Neuoe OCDS  6165 47.52 12.79 13056 Neuoe-040100cd.cha  795  336 42.26415094 47.2196691
Neuoe OCDS  6165 47.52 12.79 13056 Neuoe-040500ab.cha  500  157 31.40000000 47.2196691
Neuoe OCDS  6165 47.52 12.79 13056 Neuoe-040100ab.cha 1027  396 38.55890944 47.2196691
Neuoe unclassified   221  2.11  2.91 13056 Neuoe-031000cd.cha 1082    9  0.83179298  1.6927083
Neuoe unclassified   221  2.11  2.91 13056 Neuoe-040000cd.cha  936   10  1.06837607  1.6927083
Neuoe unclassified   221  2.11  2.91 13056 Neuoe-040300f.cha  164    2  1.21951220  1.6927083
Neuoe unclassified   221  2.11  2.91 13056 Neuoe-031000e.cha  592   65 10.97972973  1.6927083
Neuoe unclassified   221  2.11  2.91 13056 Neuoe-040000ab.cha 1050   14  1.33333333  1.6927083
Neuoe unclassified   221  2.11  2.91 13056 Neuoe-030800ab.cha  313    7  2.23642173  1.6927083
Neuoe unclassified   221  2.11  2.91 13056 Neuoe-040300cd.cha  608   11  1.80921053  1.6927083
Neuoe unclassified   221  2.11  2.91 13056 Neuoe-040500ab.cha  500    1  0.20000000  1.6927083
Neuoe unclassified   221  2.11  2.91 13056 Neuoe-040700ab.cha  295   25  8.47457627  1.6927083
Neuoe unclassified   221  2.11  2.91 13056 Neuoe-030900a.cha  415    8  1.92771084  1.6927083
Neuoe unclassified   221  2.11  2.91 13056 Neuoe-040100ef.cha  630    2  0.31746032  1.6927083
Neuoe unclassified   221  2.11  2.91 13056 Neuoe-030800cd.cha  457    2  0.43763676  1.6927083
Neuoe unclassified   221  2.11  2.91 13056 Neuoe-040500cd.cha  774   21  2.71317829  1.6927083
Neuoe unclassified   221  2.11  2.91 13056 Neuoe-040700cd.cha  307    1  0.32573290  1.6927083
Neuoe unclassified   221  2.11  2.91 13056 Neuoe-040100ab.cha 1027    7  0.68159688  1.6927083
Neuoe unclassified   221  2.11  2.91 13056 Neuoe-040300ab.cha  998    6  0.60120240  1.6927083
Neuoe unclassified   221  2.11  2.91 13056 Neuoe-031000ab.cha 1128   29  2.57092199  1.6927083
Neuoe unclassified   221  2.11  2.91 13056 Neuoe-030800ef.cha  310    1  0.32258065  1.6927083
